2.086125869259106480e+00 1.835859624735313167e+00 2.266823293590246369e+00 2.125933145391860180e+00 2.128120073152321101e+00 2.000282623525251768e+00 2.093673773048267961e+00 2.003512608882982882e+00 1.903054772229949343e+00 2.142683096355167738e+00
1.619181319952792686e+00 1.778240970168219803e+00 1.627019967330836092e+00 1.881335145090207162e+00 1.824256412937059313e+00 1.865109156643466326e+00 1.630918977657974223e+00 2.135788166025215595e+00 1.965994757537115722e+00 1.682666279934624587e+00
1.470629284967345907e+00 1.651284900117509169e+00 1.494549121263201386e+00 1.924541563368061148e+00 1.674448757697942547e+00 1.553054755135719001e+00 1.536483884651444809e+00 1.324446072914064798e+00 1.603362562096278587e+00 1.677555294127561991e+00
1.362683092412166008e+00 1.047838348491083371e+00 1.330335434309489528e+00 1.120361668498090602e+00 1.253777338148496234e+00 1.387534120734398968e+00 1.361064559582887856e+00 1.812136566245267977e+00 1.637455948995377497e+00 1.185849570404101216e+00
9.428206840888152529e-01 8.755650481125697437e-01 1.014734970129466562e+00 9.485177284899470873e-01 1.221213599287930052e+00 1.191603698046284743e+00 1.110356429449431470e+00 5.854466898570247491e-01 8.300577698719722175e-01 1.103052018854953742e+00
5.811393341967610038e-01 8.957768503863159371e-01 4.768738018316693861e-01 1.034026415767950180e+00 6.377532823734756162e-01 8.184288344630665790e-01 4.578097244382990372e-01 8.114339868673837719e-01 6.978511341474107343e-01 7.824765388056352799e-01
1.109674753289617445e-05 1.352681740097890607e-05 1.653775826113197491e-05 4.754410902448081816e-06 6.227765871986283765e-06 1.352467873898126822e-05 1.461372883475079871e-05 8.918125702197635297e-06 1.153966113672140470e-05 1.624471649553798651e-06
1.206238612009452121e-06 2.711094003533967162e-06 1.453773308997424609e-06 1.220440434372019333e-06 6.833428676133128089e-06 2.221594610030449323e-06 1.357640050578022807e-05 2.045168626659965543e-06 3.435074599527070296e-06 4.258638330769735367e-06
1.220475194482753740e-06 2.034395347167467852e-06 1.851920917544991341e-06 2.036346677500505108e-06 2.750739801829880999e-06 3.447273016206312622e-06 9.160800492607393468e-07 2.037927232651747916e-06 2.734967786711284801e-06 1.402615411850126760e-06
1.901012232624229610e-06 2.869669234631043166e-06 1.231987575945504922e-06 1.864191454930829069e-06 1.005429294793730333e-06 2.780616312810394950e-06 1.329160403082654274e-06 9.884116316551339091e-07 2.708254347840753112e-06 1.819809337162115772e-06
3.913550771131687721e-06 2.886946281075476468e-06 1.029402131573743531e-06 1.849269010567548124e-06 1.162196876660323977e-06 1.890334506209872689e-06 1.267917445603469295e-06 1.259125535987593964e-06 8.432279121048263196e-07 2.006478797464440270e-06
1.416439903134575869e-06 3.515052607447752786e-06 1.571449392073526825e-06 1.020858013609401761e-06 2.631078264153926667e-06 1.816053548922558553e-06 1.258867900188285420e-06 8.427274044013319224e-07 9.896761377304729235e-07 1.858408690760881056e-06
