1.142430029480175357e-01 1.610289162013931019e+00 1.170286201905377022e+00 1.687102393743181494e+00 1.246362231175895063e+00 3.673488810820916828e-01 1.356516264586975495e+00 1.087301715032154004e+00 1.499842607828301144e+00 8.585916644237455708e-01
3.640200204704957532e-02 6.021314279358336990e-02 6.267716108762762250e-02 5.464561895590921287e-02 2.379788847371670790e-02 3.661680785643644520e-01 3.721873216548991781e-02 1.290290333621960661e+00 4.374924227133442783e-02 2.190212908414241808e-02
2.147719223133013125e-02 4.656229575376868990e-03 3.440147079623760446e-03 3.463751783913888993e-02 2.454201005673023721e-03 3.898140564402195057e-02 4.411944616420838267e-02 8.266779900273473966e-03 1.114003140933706414e-02 3.587943522428328584e-03
3.168716896338060873e-03 1.365816019125495840e-03 3.268401582223962390e-03 1.632027752049374902e-03 2.241446204452270802e-02 4.844828571363824117e-03 1.904535889502405495e-03 1.855432348623347813e-03 3.024393510197460541e-02 2.136442504632752367e-03
4.123571904807880016e-03 2.406390042610786432e-03 2.294929255391160283e-04 1.471566182605418089e-03 1.833075024885611783e-03 1.580658520121170935e-04 2.202103365666328611e-04 1.027050623675835857e-03 2.466361595434233851e-03 1.404180491710507262e-03
6.577791002752000546e-05 9.253493263370030813e-05 9.220151139350540328e-05 4.866393838470153984e-04 4.267922215787380534e-04 1.773169992338281212e-04 1.421344964874400867e-04 1.424325891121274964e-04 1.836644916812374406e-04 3.545587461591347936e-04
1.023273352274940771e-04 2.586936620774796984e-04 8.786348649852827994e-05 3.746892239655387046e-04 3.730339776339231748e-05 1.314795098625777417e-04 4.068673807990502440e-05 4.815126536050922838e-05 2.610870675596306423e-05 7.480873060571361591e-05
8.741420321786652571e-05 2.277271962740818093e-04 8.220186853387274623e-05 1.626585760028861284e-05 8.499479294402984735e-05 4.814882409947897931e-05 2.685175701257633694e-05 1.000238303427233725e-04 5.061153631261048572e-05 3.387304097838852958e-04
7.197250337620587934e-05 7.154168482356649172e-05 2.962715426288418399e-05 9.753112179413364190e-05 5.631598698859822364e-05 2.155705040798176796e-05 7.000482218595755683e-05 7.517111177523944370e-05 6.048521159037921133e-05 3.090136199564033972e-05
8.904995849324251955e-05 5.825830183548574718e-05 6.447180047807404358e-05 8.724590583585440067e-05 1.945526310675602317e-05 4.526710817815387926e-05 2.615179324220144466e-05 4.724328368643763732e-05 4.646204904821538275e-05 3.255702120166572839e-05
6.731470922666998662e-05 1.772604276217211550e-05 5.377979678796141708e-05 5.356206168702362593e-05 1.987646969429420138e-05 5.514876731184051176e-05 9.344170064768978433e-05 3.126475822259212466e-05 5.240865939672946294e-05 3.830280661117265053e-05
3.678011366493676680e-05 2.204612455501819084e-05 5.459288623489873520e-05 5.305216102504034038e-05 3.427952960231437691e-05 1.038757213578271810e-04 4.831897519033045909e-05 2.848678590894824223e-05 4.514038345347634660e-05 1.763249790113381518e-05
