1.6133161190e-01 3.8788013799e-01 1.0049963181e+00 3.5800553820e-01 4.9939709524e-01 1.9814248199e-01 1.1616422202e-01 2.7853702084e-01 2.5142898851e-01 1.4189208807e+00 4.0566995964e-01 4.5655028853e-01 3.6469963439e-01 1.6356607487e-01 2.3872991277e-01 1.0888255750e+00 3.6379739277e-01 2.8268176582e-01 6.8949986763e-01 3.0655131236e-01
1.3817475713e-01 1.2116734255e-01 9.1524291701e-02 5.7140164586e-02 9.8892122636e-02 6.5398568295e-02 2.0154601493e-01 1.1884728003e-01 2.1664418467e-01 3.8794748980e-01 1.6624583235e-01 1.3301909679e-01 4.1229907883e-02 1.7949863472e-01 1.1986928648e-01 3.6675474558e-01 7.8871622685e-02 3.7534898402e-02 7.2474425004e-02 1.1342010604e-01
3.1912985888e-02 4.2404590372e-01 6.9991675636e-02 5.4468128023e-02 2.2218450655e-02 3.4113307875e-01 1.1682129658e-01 8.5718180764e-02 3.6146123821e-02 3.0487835702e-02 2.2544137729e-02 1.6964944814e-02 5.1077528135e-02 3.3091175037e-02 3.2190467804e-02 5.4795189727e-02 2.9188479772e-02 3.3285713513e-02 8.6631392053e-02 3.1045483472e-02
1.6117536975e-01 2.7821958072e-02 2.3026204909e-02 2.1551088401e-02 2.5527865421e-02 1.7393708557e-02 1.6850545078e-02 9.1499902698e-02 2.6584948801e-02 1.5086472552e-02 9.3630065472e-02 6.0137566945e-02 4.1180784809e-02 6.7080069316e-02 3.1392531657e-02 2.9263489381e-02 4.8260597562e-02 5.7734149961e-02 2.8599086949e-02 1.7097063287e-01
2.6112742874e-02 2.1762624820e-02 2.4420277128e-02 1.8310999001e-02 2.0830661693e-02 4.0079334678e-02 6.8699617827e-02 4.1955704587e-02 5.3001760301e-02 1.5428186730e-02 1.7294896825e-02 4.4405941262e-02 2.6982748159e-02 4.5494218867e-02 1.6120950542e-02 1.9013457713e-02 2.1147280799e-02 2.0670349389e-02 1.9205185526e-02 2.7101007872e-02
1.5490320931e-02 3.2432141525e-02 1.7213481562e-02 1.9904765888e-02 2.8437962031e-02 3.3406067259e-02 4.4783866728e-02 1.9839351197e-02 2.1209171963e-02 2.6414404708e-02 1.4745908032e-02 3.5169852774e-02 3.0148200271e-02 1.2274790151e-02 1.7083175170e-02 2.5184008312e-02 1.3011786766e-02 1.4801909206e-02 2.6076422089e-02 1.9987692469e-02
1.6638374047e-02 2.4657716677e-02 2.0992116336e-02 1.6998140293e-02 1.4759416465e-02 1.9971172371e-02 2.3192290257e-02 2.1610068319e-02 3.5144779722e-02 2.1343753640e-02 3.3562807448e-02 1.2774046447e-02 1.7654924904e-02 2.6436775996e-02 3.4823538956e-02 1.9465066907e-02 1.7161897495e-02 1.2237810824e-02 1.8407224741e-02 1.3732196063e-02
2.5125973597e-02 2.6819773876e-02 3.0133994202e-02 1.4443484459e-02 3.5406698328e-02 5.0623693362e-02 2.0987818111e-02 2.8345873624e-02 1.8162437489e-02 3.3246741829e-02 4.3055472339e-02 1.4281318469e-02 1.9215817689e-02 2.0166070371e-02 3.7916022506e-02 2.4119620473e-02 1.8920661039e-02 2.0572219137e-02 1.5475811984e-02 1.7218947105e-02
1.8607078575e-02 1.8296445053e-02 2.4495604965e-02 1.8006473543e-02 1.3961038335e-02 1.8768605697e-02 1.6409023505e-02 2.0759188407e-02 1.9613427879e-02 1.5268450785e-02 4.1049777170e-02 2.5238820427e-02 2.7708902527e-02 1.7280814652e-02 2.2087498258e-02 1.7689368828e-02 1.5314992673e-02 2.0845075120e-02 1.8865124400e-02 2.2443549973e-02
1.9932826426e-02 2.6163910974e-02 1.8788765956e-02 2.1370369233e-02 2.9225705706e-02 1.9339935888e-02 1.9580663139e-02 2.6381600770e-02 2.9211293419e-02 1.6054122012e-02 3.3318779542e-02 3.3791901259e-02 1.1882505514e-02 1.9853267188e-02 2.1332830761e-02 1.7863600128e-02 1.5591135371e-02 2.0960726965e-02 3.8539972212e-02 1.3184315654e-02
2.1996848279e-02 1.7269408639e-02 1.7280674565e-02 1.5219476273e-02 2.5298051084e-02 1.6339377880e-02 2.0257829548e-02 1.8364911422e-02 1.9480966615e-02 3.9354933059e-02 1.7144703734e-02 2.6055601649e-02 1.9167880068e-02 1.3214905512e-02 2.0459220758e-02 1.6776855245e-02 1.7453196951e-02 1.8089539520e-02 2.0085903454e-02 1.5953611847e-02
1.8590108924e-02 2.7496831958e-02 1.7407104486e-02 2.2687349835e-02 3.1102014192e-02 1.7873874873e-02 3.6892484581e-02 2.9251301414e-02 2.2403603512e-02 2.3097798004e-02 2.0510428223e-02 2.3841648870e-02 1.5041757953e-02 2.3433577896e-02 1.4105521375e-02 2.4267809535e-02 1.8832379506e-02 2.3159509716e-02 1.6556877310e-02 2.2844079992e-02
