3.3479493416e+00 2.2147319073e+00 1.9643033033e+00 1.6964148946e+00 5.0197255698e-01 3.9111012199e+00 3.2077015241e+00 1.5581654596e+00 2.0522621938e+00 3.0599388124e+00 3.7432076088e+00 4.4179354931e+00 2.6850596136e+00 3.2101684600e+00 6.2568583587e-01 5.7206897221e+00 1.5544573388e+00 3.3462640181e+00 3.7862456895e+00 3.2458580645e+00
2.8979796756e-01 2.4668622747e-01 1.5183411914e-01 4.2332353893e-01 2.4300921464e-01 1.8949730794e-01 7.5542072733e-01 5.2108942059e-01 2.3961005394e-01 1.3039774866e+00 2.2979998408e-01 1.5585464127e-01 6.0582891956e-01 1.2801181938e+00 3.3484213099e-01 5.9448414380e-01 1.5735567664e-01 5.4483359766e-01 2.7083251149e-01 3.7280819771e-01
1.6573542703e-01 8.8498951264e-02 1.9485265356e-01 1.7984845947e-01 1.9009092312e-01 4.6006424433e-01 2.4054670026e-01 2.8142712615e-01 2.1719305996e-01 1.4656474763e-01 2.5344800803e-01 8.8609201179e-02 9.2333430017e-02 1.6428401781e-01 8.4462935115e-02 2.7956251356e-01 2.1047559573e-01 1.1522925738e-01 2.8847687427e-01 6.1050810377e-02
8.2410152133e-02 3.3515079934e-02 1.2562537465e-01 1.6963234107e-01 1.5646447882e-01 7.6111904989e-02 3.8519949648e-02 4.7865001785e-02 3.8449064009e-02 6.3199837077e-02 5.9569923425e-02 2.3412679765e-02 3.8759139910e-02 5.3789911810e-02 1.3600427330e-01 6.9811681307e-02 7.1554520259e-02 6.5598495115e-02 4.4607955831e-02 9.0519361588e-02
3.0063920224e-02 5.3105454786e-02 2.9728700577e-02 6.2029720998e-02 6.9986510905e-02 3.6646728354e-02 2.8207927285e-02 4.5248461405e-02 1.3642339282e-01 5.9689415461e-02 4.3246341462e-02 2.7057941436e-02 3.9576909678e-02 2.7048739441e-02 2.5511891126e-02 1.9788677742e-02 3.3325141924e-02 4.9382505020e-02 3.8683457092e-02 3.3036676468e-02
1.5456800882e-02 7.0283449003e-02 3.3615373339e-02 1.8766050230e-02 5.4059351006e-02 2.6540696630e-02 4.6389602388e-02 2.9896953018e-02 2.9478414463e-02 2.2527522492e-02 2.0566551194e-02 5.4349619698e-02 3.3665658230e-02 3.5398245557e-02 3.2995106182e-02 3.5352939883e-02 2.8468104058e-02 3.0749784037e-02 2.5183626238e-02 2.5441960721e-02
2.3818652561e-02 3.2675066946e-02 2.9780454057e-02 2.1073295891e-02 2.2687872286e-02 6.2716598000e-02 1.8237339344e-02 2.8822839198e-02 2.3257788221e-02 4.7294198985e-02 2.2947954265e-02 1.6198127492e-01 6.6004563569e-02 4.2939223322e-02 3.1666019540e-02 1.9495547629e-02 2.5870835173e-02 4.2913464684e-02 2.1097507945e-02 7.8096533588e-02
2.5696481861e-02 2.7257869881e-02 1.8445486511e-02 3.2750213268e-02 3.6777613141e-02 2.0534372754e-02 3.8320027194e-02 3.6404707030e-02 2.8526362467e-02 1.5039806781e-02 3.0179939189e-02 2.6385317441e-02 7.3387558515e-02 2.3171618856e-02 2.2280802849e-02 2.7548223690e-02 3.0161267844e-02 1.8844774501e-02 2.7069784284e-02 3.2394406692e-02
3.4424142347e-02 3.9350399252e-02 2.0399321365e-02 2.2797379220e-02 1.5091722998e-02 1.9272376968e-02 3.2126214488e-02 3.1243588761e-02 2.6058677371e-02 1.9682519776e-02 3.2338808411e-02 2.3079842202e-02 1.4023314472e-02 2.3860395045e-02 1.6388742836e-02 2.0854600482e-02 2.0996560583e-02 1.8047411892e-02 2.5752271102e-02 2.6766366123e-02
2.5188569910e-02 2.3942784882e-02 2.0517164629e-02 4.4011456258e-02 2.6701395305e-02 3.8785202897e-02 3.3794850885e-02 3.1689687934e-02 1.8387462090e-02 1.7635307170e-02 1.7888988655e-02 4.4531857369e-02 2.1890147711e-02 4.0670597773e-02 2.8431565159e-02 3.3726978103e-02 1.9586032466e-02 2.2558467289e-02 2.4912985966e-02 1.6323413659e-02
3.4272126779e-02 2.5802724614e-02 1.9394610686e-02 2.9540938633e-02 2.7449968985e-02 3.2815659108e-02 3.1693972045e-02 2.1333032957e-02 2.2335356277e-02 1.7838742299e-02 2.0702206628e-02 3.1121791158e-02 2.4335636361e-02 3.0919452805e-02 2.1509700306e-02 3.0543220346e-02 1.8195072011e-02 2.4545869520e-02 2.4069662105e-02 1.7317824802e-02
2.1550936393e-02 2.9316989431e-02 2.2637979029e-02 3.1917385025e-02 1.7552925814e-02 2.2830904121e-02 2.4747896154e-02 3.2180469111e-02 2.2473648210e-02 2.3055119665e-02 2.4489923899e-02 2.5220551334e-02 1.8787699750e-02 2.0976013631e-02 2.3014862879e-02 2.9059664185e-02 3.2426756507e-02 2.4312388344e-02 3.2601907136e-02 2.0755438945e-02
