2.5908448084e+01 2.6219306201e+01 2.7063749548e+01 2.4736638350e+01 2.5873997170e+01 2.6226732452e+01 2.5822056935e+01 2.6699274628e+01 2.5682619102e+01 2.5580810885e+01 2.5802050126e+01 2.5991786850e+01 2.6621415483e+01 2.7246204128e+01 2.5425514820e+01 2.6024104032e+01 2.6729401296e+01 2.6353346523e+01 2.5818593702e+01 2.3701282306e+01
6.2950125259e+01 4.0174017574e+01 5.3871597085e+01 4.7224935125e+01 9.4649173948e+01 1.7681759272e+02 1.1224322840e+02 5.7167023269e+01 7.8907394967e+01 1.7149072255e+02 7.8325264321e+01 8.1018727868e+01 4.4188611186e+01 2.7895504821e+01 8.6506613993e+01 5.6813306914e+01 1.9191429726e+02 1.2303337614e+02 8.4980809876e+01 1.1358834127e+02
1.3095218363e+02 2.7141578245e+02 3.6093587074e+04 4.9327655336e+01 8.8520775181e+02 1.1710981276e+02 6.9509860045e+01 8.1084960735e+02 2.5427620554e+02 3.5008411117e+01 1.2100516584e+02 1.1792590434e+02 5.3754468108e+01 8.0362829605e+01 1.4723568859e+02 7.9397851865e+01 1.2176372357e+03 3.1203236409e+01 9.0375333311e+01 2.6129610684e+02
1.5500044325e+01 1.5334573361e+01 1.6073595550e+01 1.5897943442e+01 1.6986501719e+01 1.6802660606e+01 1.3716789093e+01 1.8121406359e+01 1.3661370134e+01 1.6275151611e+01 1.5404661331e+01 1.6440924719e+01 1.6092575345e+01 1.4872902968e+01 1.4793253043e+01 1.5242835752e+01 1.3967156767e+01 1.4733020741e+01 1.6312738691e+01 1.5751276190e+01
1.1344784026e+01 1.0415199074e+01 1.2363204885e+01 1.0356824598e+01 1.1003593192e+01 1.1287396798e+01 1.3044745902e+01 1.0600675418e+01 1.3647879920e+01 1.1358353153e+01 1.2112540756e+01 1.1746211211e+01 1.2491363698e+01 9.8374043150e+00 1.4161380765e+01 1.3538748240e+01 1.4878870816e+01 1.2218284146e+01 1.2170415498e+01 1.3504380237e+01
5.4462159379e+00 8.2929008972e+00 7.1133005761e+00 6.5303903878e+00 8.3212787170e+00 8.0486567043e+00 7.7358895749e+00 7.9924809901e+00 6.6729403283e+00 6.2065326287e+00 5.9488001033e+00 9.3856991758e+00 6.2871059921e+00 7.8692317377e+00 7.8689153864e+00 6.0836519558e+00 7.3790501188e+00 6.3444483659e+00 6.9080347912e+00 8.2681515248e+00
2.8928878332e-03 3.9111324581e-03 6.1038227764e-03 6.7159051054e-03 2.3512639323e-03 5.1087909816e-03 1.6539130967e-03 5.6679824778e-03 3.0307256611e-03 3.3913482602e-03 1.6154950159e-03 3.1301376508e-03 4.3368244717e-03 4.2955392614e-03 4.0763541100e-03 3.8564384484e-03 4.1346657284e-03 1.4423137013e-03 4.8610492095e-03 4.5422711504e-03
6.3566670515e-04 1.8974377343e-03 8.8578231327e-03 8.8795202444e-04 1.7295581004e-03 9.8327724298e-04 1.3940776640e-03 1.2013086452e-03 2.7906672887e-03 1.7452703604e-03 1.4191616959e-03 8.1188647843e-04 1.8931505166e-03 7.3194223276e-04 2.2818126190e-03 1.0224790851e-03 2.0456441345e-03 8.8613548429e-04 1.1170881929e-03 1.4268797944e-03
5.6094468084e-04 7.9249970254e-04 6.8579711289e-04 6.3681209937e-04 5.5092763909e-04 1.1878924826e-03 8.6360342046e-04 8.4779539090e-04 8.2272308486e-04 5.1579518105e-04 9.2908755269e-04 3.8843253616e-04 1.5291200251e-03 5.8235636860e-04 8.3695981911e-04 7.3870940698e-04 8.5716575543e-04 5.5022038247e-03 1.1228996280e-03 5.9791049026e-04
6.4875688740e-04 6.3234702710e-04 6.2005853680e-04 8.4199060523e-04 4.8961856298e-04 3.7849406261e-04 7.4653187958e-04 5.7832162656e-04 5.6831241223e-04 5.5083827141e-04 6.0610430882e-04 3.2005838535e-04 8.1391603959e-04 6.9118784356e-04 4.6038966389e-04 4.2935776398e-04 4.2357200642e-04 4.5682782695e-04 4.9081071466e-04 1.3252638951e-03
3.8379775064e-04 3.2690691123e-04 3.6543619363e-04 3.1439879982e-04 4.0166703992e-04 3.3225359359e-04 5.2457529955e-04 5.9856271249e-04 3.8875212580e-04 3.3038575123e-04 3.3745426657e-04 3.0157705178e-04 3.3373840596e-04 3.0118122424e-04 1.1447320229e-03 3.1176113536e-04 4.1656595094e-04 5.3091683271e-04 5.4923409540e-04 5.1395414808e-04
3.2313596230e-04 2.8662269353e-04 2.9493776021e-04 3.0248174787e-04 5.4671804281e-04 2.4682999077e-04 3.5163146136e-04 3.3721186038e-04 2.3620002748e-04 3.3046883972e-04 4.3686804808e-04 3.9049172609e-04 3.3908714227e-04 3.9498885313e-04 5.7790252156e-04 3.4227611508e-04 4.9559134418e-04 2.8806916702e-04 4.2186038048e-04 4.5363911495e-04
