1.5690332650e+01 1.5197172769e+01 1.5008211294e+01 1.5124101512e+01 1.5002320643e+01 1.5171862783e+01 1.5093366698e+01 1.5339230420e+01 1.4962865221e+01 1.5541912098e+01 1.5413719103e+01 1.5798815829e+01 1.5232321883e+01 1.5231528072e+01 1.5133826241e+01 1.4512689394e+01 1.5444491599e+01 1.4771444707e+01 1.4489831565e+01 1.5047700860e+01
1.1388031512e+02 1.6998035969e+01 2.7851673807e+02 1.1356202364e+02 7.2892713985e+01 2.2850463602e+02 1.2376591228e+02 4.4388682642e+01 9.2057031176e+01 6.4726195024e+01 4.1002723720e+01 3.7533722070e+02 1.0149445957e+02 4.8003186053e+01 1.0006682726e+02 6.5385737200e+01 3.1325668134e+01 8.6015854395e+01 4.1229468634e+01 5.1743094004e+01
8.9660570512e+01 3.6695736296e+01 1.6166791722e+01 1.7154690248e+02 2.9631008041e+02 6.6523733023e+01 9.3038287279e+02 8.3376608474e+01 7.7711101065e+00 1.3682101420e+02 1.1832106932e+02 5.2564572048e+02 1.3739220251e+02 1.4347835608e+02 2.7643554450e+02 2.6164606732e+02 3.8667812854e+02 1.4575162592e+02 1.1423178952e+02 6.5853177079e+01
1.0325777693e+01 9.2362360651e+00 8.5748538827e+00 9.7250856801e+00 8.7380080015e+00 9.0976008986e+00 8.2155833635e+00 1.0342366266e+01 9.7451384735e+00 9.1475951483e+00 1.0433597263e+01 8.9546322702e+00 9.7999496971e+00 9.0632741612e+00 8.8195411453e+00 8.4784569536e+00 9.0471111560e+00 9.7584187071e+00 8.3995482419e+00 8.0482431465e+00
8.1101421358e+00 7.0694447162e+00 6.9122586670e+00 6.0327500724e+00 8.8743208310e+00 6.0598560255e+00 5.9355043303e+00 6.0228074003e+00 7.9393246181e+00 6.5845033271e+00 7.2729756376e+00 5.4769352412e+00 7.6148358047e+00 6.3078906327e+00 5.2031057763e+00 7.7517468851e+00 7.7870188223e+00 7.3512033682e+00 7.1376209815e+00 6.4048933523e+00
2.6748733103e+00 5.1466865123e+00 3.7831397188e+00 1.8684793169e+00 3.8510657948e+00 4.5881524271e+00 3.5217933046e+00 4.5357558652e+00 4.0601100517e+00 5.1795874839e+00 4.1373755466e+00 4.3447624999e+00 5.1187651652e+00 5.2639343984e+00 4.2409303271e+00 4.4839059244e+00 3.9162536299e+00 4.6862790462e+00 3.7466229611e+00 5.5056674339e+00
1.1389169008e-02 9.6790648276e-03 1.8074718077e-02 2.5876577434e-02 9.4407061792e-03 1.1434512584e-02 9.8554907902e-03 2.6370756343e-02 2.0158089372e-02 1.0025854600e-01 1.4010884684e-02 2.9272587772e-02 2.2650859929e-02 1.7978490023e-02 2.1713853112e-02 1.7300774150e-02 2.2076959258e-02 1.0356932628e-02 2.4820487108e-02 2.1503862438e-02
1.4837342397e-02 7.9868177469e-03 1.5263007454e-02 8.8800951103e-03 8.7889506672e-03 7.1397918839e-03 1.7652263875e-02 1.0081626110e-02 8.1209123876e-03 6.6189268366e-03 1.3363616608e-02 1.4097218410e-02 9.7186927611e-03 7.1842578113e-03 9.3716469826e-03 1.3252928711e-02 9.8028602149e-03 1.8684296842e-02 6.1026857634e-03 7.4690986555e-03
4.5673792516e-02 1.6917454688e-02 4.9671236506e-03 5.6209545635e-03 6.5348505579e-03 9.6556822738e-03 7.0508907174e-03 9.9376164964e-03 4.6279733505e-03 5.4367593473e-03 3.9692157451e-03 7.6581648142e-03 7.4992922843e-03 1.1865086088e-02 1.0132866032e-02 9.3874818410e-03 2.1981152471e-02 1.2399943893e-02 7.3327023805e-03 5.8683614055e-03
9.8024824630e-03 5.1558236000e-03 6.5473640083e-03 5.1002875782e-03 6.1924744414e-03 1.9773993369e-02 4.4312131501e-03 6.3928050210e-03 1.2162004169e-02 1.6620671516e-02 9.4991794030e-03 5.1003843012e-03 8.4705107885e-03 1.0107485392e-02 7.1205772739e-03 4.9998568604e-03 9.8932694318e-03 6.0160911134e-03 7.5157684221e-03 5.4513397970e-03
5.3936500931e-03 6.0004770799e-03 5.0694772813e-03 5.4151432691e-03 5.5592479342e-03 5.8620264590e-03 8.1076694169e-03 7.2412094247e-03 9.4690503085e-03 7.8687734697e-03 4.5162722096e-03 6.2818704375e-03 1.2595802470e-02 6.8318618999e-03 6.0349967974e-03 4.9687124958e-03 7.3462187384e-03 6.4324121020e-03 4.4097227928e-03 7.6220691701e-03
5.4924222546e-03 4.9430406665e-03 5.9408401465e-03 6.5582629653e-03 4.5211410586e-03 8.9677477985e-03 5.1253926534e-03 5.9580321137e-03 4.3828351228e-03 6.4552906034e-03 5.2102056082e-03 7.5911307322e-03 6.1448678266e-03 5.8323781402e-03 4.6114812343e-03 5.0782378578e-03 5.0533320592e-03 7.0728500096e-03 6.2385646014e-03 8.3615236614e-03
