9.9717368773e-01 5.7543435330e-01 1.7414490431e+00 5.8699769529e-01 8.7537127536e-01 1.3141427656e+00 6.5544840582e-01 1.7310886693e+00 7.0442839015e-01 8.7495932209e-01 1.4424610669e+00 7.6388124225e-01 8.9663830044e-01 1.4809155763e+00 1.5310904345e+00 7.1360601160e-01 9.4248274794e-01 2.5351136877e+00 1.5939042411e+00 1.3855150978e+00
2.7286782593e-01 3.5353003411e-01 1.1872842048e-01 4.7068400252e-01 2.9750638566e-01 3.0871540014e-01 3.3995748274e-01 6.1054805798e-01 5.6089414283e-01 2.9301855663e-01 4.7062977976e-01 3.0914536954e-01 1.7662228283e-01 7.4442161522e-01 2.0716240992e-01 2.5110277435e-01 1.1550576000e+00 2.6249268038e-01 3.2928400799e-01 2.3336553836e-01
8.2583722507e-02 1.6766508210e-01 1.5973436978e-01 3.0100731483e-01 1.7330311736e-01 2.9139512598e-01 1.4830482964e-01 1.8565985164e-01 1.8511554673e-01 2.4979050353e-01 1.9994267010e-01 1.9840605928e-01 1.0187260992e-01 1.0424736934e-01 1.9774324016e-01 1.4032566264e-01 1.8179527000e-01 9.6832839130e-02 1.4175990889e-01 1.1098257294e-01
4.2684196056e-02 8.5555796401e-02 5.0792440195e-02 3.9317482145e-02 3.7513493812e-02 5.5386624294e-02 7.5348778914e-02 4.0507407724e-02 6.2242085008e-02 5.4382898138e-02 1.0499223917e-01 1.5574253819e-01 1.0114143135e-01 1.0443218546e-01 1.0252093822e-01 1.0390266440e-01 3.9868441760e-02 6.5467810610e-02 4.8885738735e-02 1.7982952164e-01
5.4921583657e-02 4.7667253107e-02 5.3899041875e-02 2.7097060266e-02 2.4794011968e-02 9.1303894429e-02 3.2529289251e-02 1.8627767900e-02 4.7195661895e-02 4.7626318855e-02 4.7824739669e-02 2.3672106985e-02 3.0254856544e-02 3.5400889412e-02 2.2032313809e-02 5.2237102160e-02 6.1936732780e-02 6.1594264773e-02 2.4140955933e-02 4.4252745033e-02
1.4030292694e-02 3.3116661173e-02 2.6284154001e-02 1.9103059445e-02 3.1502219312e-02 1.7086596935e-02 2.4892837568e-02 3.1209541893e-02 1.7480518057e-02 2.0058900299e-02 2.5009305169e-02 1.3027705427e-02 2.2152043475e-02 2.6134144455e-02 1.5145648700e-02 1.5120380415e-02 3.4956853874e-02 1.5528447344e-02 2.0200074642e-02 2.2470876644e-02
3.8012341167e-02 1.1191665628e-02 1.0441272257e-02 1.8290769480e-02 3.5095237053e-02 9.8551388150e-03 3.2147884294e-02 2.1659065874e-02 1.7582153936e-02 2.1139181776e-02 2.1369195094e-02 1.0911942847e-02 1.2508269700e-02 2.9758398870e-02 1.7862206339e-02 9.6683792902e-03 1.6907782440e-02 1.6218616525e-02 2.2131091544e-02 1.2164476026e-02
6.0156422028e-03 2.0184485656e-02 1.5786335685e-02 1.1826422121e-02 1.9049149201e-02 1.7301247013e-02 9.6726133842e-03 3.7068588077e-02 6.9346376380e-03 1.2564756508e-02 1.3351455862e-02 1.3729047236e-02 2.6450112894e-02 1.4969295648e-02 1.8475439848e-02 1.3257008260e-02 1.7199694458e-02 1.2735030066e-02 1.4738989645e-02 8.9140158502e-03
5.8847947763e-03 1.4298233484e-02 1.1651767714e-02 1.1728114949e-02 1.2336720629e-02 1.5321308838e-02 1.2310313895e-02 9.2727647973e-03 8.5363719198e-03 7.2043396253e-03 7.2235950881e-03 7.8610805444e-03 2.1854076533e-02 1.5532793091e-02 5.3161788384e-03 7.4854484095e-03 1.0900663891e-02 8.3996858237e-03 1.2490509968e-02 7.0929266439e-03
2.2658195112e-02 1.4418543639e-02 1.4759119019e-02 9.1948733538e-03 1.2891455704e-02 9.1765368981e-03 1.3799637046e-02 1.1313483532e-02 1.0242076409e-02 2.3960149398e-02 5.6874480755e-03 1.1802462098e-02 6.2496186064e-03 6.6695360116e-03 9.8523152382e-03 7.2945285462e-03 7.0617310587e-03 1.0453666675e-02 4.6943069569e-03 1.5448603062e-02
6.6388015743e-03 5.3861452602e-03 1.4758000038e-02 3.3580360094e-03 2.2212820132e-02 1.3670998320e-02 6.9077479354e-03 1.6656436710e-02 1.2540059513e-02 4.7229702647e-03 1.8800598492e-02 1.2822510716e-02 1.1400800730e-02 6.4904514505e-03 1.1198093986e-02 7.0364963407e-03 8.0675534264e-03 1.7476652379e-02 1.4139943505e-02 1.0594133899e-02
1.2253021984e-02 5.8336513232e-03 4.3005639943e-03 5.3134670693e-03 5.4906769926e-03 9.0577807937e-03 1.3307903021e-02 1.0295537871e-02 6.8774392573e-03 5.8062189771e-03 4.2068754735e-03 2.6242286518e-02 1.3062311400e-02 7.9676916663e-03 5.1924921762e-03 1.7367791426e-02 1.6201685602e-02 4.7130902545e-03 7.9623354251e-03 1.0697612873e-02
