3.1669082221e+02 4.9316403815e+02 8.6906319957e+01 3.8359508035e+02 1.8576249561e+02 3.8392049113e+02 2.8697466178e+04 1.1245789875e+02 1.2065535517e+03 1.5830567006e+01 1.4068284698e+02 9.6585991539e+03 9.7158164651e+04 2.3644183553e+02 4.3893999662e+02 6.3239535521e+03 4.9641831968e+02 9.4294383884e+02 5.8738213365e+02 1.6849543637e+04
1.6615011634e+03 5.0982294787e+01 3.2811266289e+02 4.6409805206e+01 8.6946143026e+01 1.4296872661e+02 1.6313424940e+03 3.6434852618e+03 1.6954095637e+02 1.3029550499e+02 9.1898755371e+03 2.6603242517e+02 5.1305512555e+01 9.7274112671e+02 6.2962416500e+03 2.1913394901e+03 2.2761761399e+02 2.6257435778e+03 4.1951936357e+01 2.0020890729e+04
1.0128133998e+03 3.2904820511e+02 1.0751651354e+03 1.2754189670e+02 1.7113612041e+02 1.4849533036e+02 3.8262525979e+02 6.4194799673e+02 4.6876779629e+01 1.3316183127e+02 4.2231340868e+01 8.7892683653e+02 3.3729675590e+01 2.4719456576e+02 1.2414927043e+02 2.0758568560e+02 3.6031162712e+02 1.3187272062e+03 2.4169951648e+02 2.4541156908e+03
4.7870500126e+02 4.0531527640e+01 9.7569837349e+01 2.9779715914e+02 1.1968343637e+02 2.0604548769e+02 2.3964113141e+01 3.1198797327e+01 6.4951023524e+01 1.4197029018e+02 6.2266358691e+01 1.0663894768e+02 6.0450396395e+02 8.5578880439e+01 3.0842268559e+02 7.9935925652e+01 4.5877737864e+02 9.0706427912e+01 2.4407285199e+02 1.0714733997e+02
4.3108269891e+00 5.4212494847e+00 3.9402667178e+00 4.7668039382e+00 5.0204127678e+00 5.5856085236e+00 5.2575049694e+00 5.6007038887e+00 5.0316696429e+00 5.3085190907e+00 4.3099391444e+00 3.6331160267e+00 4.7578844476e+00 4.7199230796e+00 4.3680444754e+00 4.0716967185e+00 4.8952178048e+00 4.3170425514e+00 3.8452591394e+00 4.8465859333e+00
2.2217880748e-03 5.2213178490e-03 2.7151577746e-03 5.3857095886e-03 4.0691452645e-03 3.0512037696e-03 3.1415635006e-03 3.0229039904e-03 5.7986408166e-03 3.8827954163e-03 3.9123816294e-03 2.8861952204e-03 2.0407577533e-03 1.0146886007e-02 3.6780738079e-03 3.2933057871e-02 9.8528701189e-02 3.0168394840e-03 9.1736034896e-03 4.1610166345e-03
1.8338279646e-03 1.7189066320e-03 1.7326804233e-03 2.4624499533e-03 2.0164168072e-03 4.1289869984e-03 3.9657407251e-03 1.4305081731e-03 1.0978468141e-03 2.2589255177e-03 1.8284005258e-03 2.0071338281e-03 1.1211922439e-03 1.6213650990e-03 3.8757313754e-03 4.0539134139e-03 8.6592850135e-03 1.5620573845e-03 4.1743227387e-03 1.9683121305e-03
1.2206797759e-03 1.0504218371e-03 9.0259331171e-04 1.3992489150e-03 2.5299715764e-03 3.1329051241e-03 1.2261702497e-03 1.4697669229e-03 1.9268182312e-03 2.0579653053e-03 1.1399527768e-03 9.7668508790e-04 1.3493852416e-03 1.7087452664e-03 1.3385630743e-03 9.2918984220e-04 9.7954912988e-04 1.3050850981e-03 1.4501070181e-03 1.0572377962e-03
1.1718430802e-03 1.3150343020e-03 1.3498611040e-03 2.0937032382e-03 2.3953001150e-03 1.2479349673e-03 1.1505142679e-03 7.7688381856e-04 9.9011796799e-04 9.7771734155e-04 1.4769428315e-03 1.4238105014e-03 1.0927522014e-03 1.0635623036e-03 1.8608819809e-03 1.2892589961e-03 1.3135734862e-03 3.0452664035e-03 9.1360698955e-04 1.0864410087e-03
5.6564271538e-04 1.2173485676e-03 8.9879026747e-04 1.0919509291e-03 9.5745173292e-04 1.4086898563e-03 1.3399654385e-03 7.2013418969e-04 8.8571932235e-04 1.5372561153e-03 1.2617312218e-03 1.1506402122e-03 1.6093416285e-03 1.1588941209e-03 1.5465272244e-03 7.6114729043e-04 1.5616077640e-03 1.4829411946e-03 8.5093954155e-04 9.9010306163e-04
1.0466068531e-03 1.0447820918e-03 1.7900349312e-03 9.2933421652e-04 9.2696993484e-04 2.1309045683e-03 1.8502675878e-03 1.2021448765e-03 6.9692012731e-04 1.1603602328e-03 1.6610315079e-03 6.5492349612e-04 8.8840897776e-04 3.0677239963e-03 1.1177891937e-03 8.4399898528e-04 1.7537501270e-03 1.0529049653e-03 8.8693855366e-04 8.2375127900e-04
6.8408072400e-04 1.0980982797e-03 1.2059164933e-03 9.4648800912e-04 9.8143797909e-04 6.3173584278e-04 6.5468922520e-04 6.4189175660e-04 8.1001547610e-04 1.3052410994e-03 8.6301323801e-04 9.8682281694e-04 7.8338828026e-04 6.3023237620e-04 8.0853589565e-04 6.5254899363e-04 8.0084404704e-04 1.1230637137e-03 7.1885089284e-04 7.9558973355e-04
