2.3293728396e-01 3.4618209987e-01 5.3224482474e-01 3.8466013219e-01 3.3145268271e-01 1.3565825631e+00 4.9331676738e-01 6.9093267440e-01 2.8591409170e-01 2.5468914880e-01 2.4061874775e-01 1.7547192480e-01 3.7950258290e-01 2.1649139962e-01 2.3628312354e-01 3.1446497843e-01 5.0648659353e-01 6.2564226016e-01 6.0595693925e-01 6.5758950942e-01
8.6601007238e-02 1.0814499607e-01 8.6190350299e-02 1.3228940081e-01 1.3704641564e-01 1.6308065244e-01 1.8339866160e-01 1.0926335022e-01 1.2542359118e-01 1.6882935249e-01 6.1748059295e-01 2.0080530589e-01 2.0093591417e-01 8.5284262502e-02 1.3070911491e-01 8.8378644034e-02 1.0457436348e-01 1.5588860397e-01 8.8819642464e-02 1.0494029641e-01
1.4057319555e-01 6.9299085483e-02 6.2278292529e-02 3.9330364561e-02 3.2441084011e-02 3.3425317332e-02 8.3184459772e-02 8.6460054881e-02 2.2546657683e-02 9.3525331485e-02 8.1010064085e-02 8.6396349613e-02 1.0991150992e-01 5.2995784029e-02 4.8962554229e-02 8.0450745140e-02 1.5970489943e-01 6.4079197831e-02 9.7200549726e-02 4.5733787744e-02
2.6855318331e-02 3.0915971962e-02 2.9797414389e-02 6.2190460548e-02 3.0165409018e-02 2.3883709227e-02 2.0526120348e-02 3.4187285743e-02 4.4747532220e-02 2.9580145110e-02 4.1781548559e-02 2.7766224925e-02 4.0342819560e-02 5.0091589554e-02 3.1568124650e-02 2.1722303975e-02 5.0644955497e-02 4.3271616482e-02 3.3260461374e-02 2.7996969914e-02
1.5681569619e-02 7.7469760464e-03 2.1006732276e-02 2.1284353802e-02 1.5718966076e-02 2.9188159895e-02 3.5609528843e-02 1.2956018522e-02 1.2239592457e-02 3.5384282970e-02 1.7453031402e-02 1.2453402384e-02 2.5896993427e-02 1.3256589782e-02 1.9291521642e-02 1.0394111754e-02 1.1674999545e-02 2.6090870605e-02 1.9206524738e-02 2.8827744131e-02
9.1043683366e-03 6.1278111667e-03 2.3219670958e-02 1.2587473956e-02 1.8424799167e-02 1.2181610399e-02 7.7006376384e-03 1.0403177925e-02 1.0562070009e-02 2.9327424242e-02 1.6362674529e-02 1.1896060751e-02 1.0449759357e-02 1.0537689545e-02 1.0432326886e-02 1.0553625319e-02 1.0180481316e-02 1.4061921680e-02 9.8387274075e-03 7.3656403401e-03
1.8729523297e-02 1.3522620060e-02 5.2851502912e-03 1.4723837584e-02 8.5472401995e-03 8.0186480810e-03 9.1077744481e-03 1.7810650586e-02 7.7218349610e-03 1.4324000151e-02 7.6349744241e-03 6.0980460135e-03 1.4751238993e-02 5.1252710310e-03 1.0610697236e-02 7.3165349730e-03 6.9361455258e-03 2.0656954504e-02 6.2365626349e-03 8.7784168599e-03
1.2320822908e-02 1.5411380967e-02 7.7517603705e-03 1.0235507848e-02 6.7208063140e-03 6.4718606969e-03 1.3943487174e-02 6.0589140107e-03 6.1720240856e-03 9.2972457513e-03 1.0970529386e-02 1.8205033433e-02 4.8516835376e-03 4.7774314648e-03 9.5437631739e-03 8.7950723868e-03 5.2050267823e-03 7.0776083076e-03 9.8135060480e-03 7.0827256012e-03
1.3610020352e-02 5.7640599162e-03 9.2322679122e-03 4.3742046821e-03 5.7396716230e-03 7.3521205735e-03 5.4187210558e-03 1.0571854883e-02 4.5235626559e-03 9.1004262886e-03 8.2719644306e-03 4.8101369440e-03 5.9242907102e-03 4.7892974142e-03 7.0257187729e-03 7.8523204990e-03 8.8919024126e-03 6.5805029085e-03 9.6394033065e-03 6.2739006958e-03
3.7023316423e-03 7.9049370189e-03 4.1963208068e-03 8.1560079724e-03 6.1376409915e-03 3.7537285730e-03 3.1702503254e-03 6.3454884319e-03 3.3788623488e-03 9.5060636382e-03 5.4768016381e-03 4.3869934265e-03 4.3996388299e-03 3.7929223018e-03 4.9013376653e-03 5.0917812015e-03 4.1936582390e-03 6.0161912747e-03 6.0090342052e-03 3.9112800485e-03
7.1103534989e-03 3.9746195835e-03 4.8320520495e-03 6.4933470807e-03 6.2688456932e-03 3.7677633924e-03 7.3557509389e-03 9.4325540205e-03 2.8668638512e-03 4.7617709134e-03 4.9015054611e-03 4.0326909967e-03 5.9300391064e-03 5.6070969232e-03 7.2165839465e-03 5.2559281818e-03 5.7413150347e-03 4.7929065841e-03 9.4047408202e-03 5.3208242695e-03
4.5899841484e-03 4.3734272229e-03 4.3120990083e-03 6.3988497036e-03 4.0951159773e-03 1.0201370943e-02 4.0189853443e-03 3.9281016565e-03 5.8637191125e-03 9.8035092920e-03 5.7992709289e-03 1.0707223277e-02 4.9802948322e-03 6.4793757686e-03 5.6993889998e-03 6.1619221910e-03 3.4506503266e-03 7.3102735463e-03 5.3372696010e-03 4.4687062308e-03
