5.3564256425e-01 2.4192259785e-01 4.9319638015e-01 2.4481822708e-01 3.0584494900e-01 5.8622497135e-01 3.4958690027e-01 3.7095384190e-01 8.9564165205e-01 4.7208260403e-01 1.8085942226e+00 5.2710945973e-01 1.0872324130e+00 5.8610336802e-01 8.3249039100e-01 9.5772354301e-01 7.5500917023e-01 1.9502293657e-01 4.6862329736e-01 1.2245982811e+00
4.5856119186e-02 1.4246324395e+00 5.4062052853e-02 3.8227899930e-02 1.1634860310e-01 2.1624120067e-01 9.3962810299e-02 1.1883446288e-01 6.1201044517e-02 7.9401658629e-02 7.1732071127e-02 3.7613757167e-02 3.2297196095e-02 6.8269804010e-02 5.3181874541e-02 2.2837642233e-01 1.2187163035e-01 8.5964625587e-02 1.1229939389e-01 4.8786073666e-02
3.0684617843e-02 2.1573040746e-02 1.8927819035e-02 1.6557545476e-02 4.0067549299e-02 8.2932129381e-03 3.3393307091e-02 3.5150851544e-02 1.7185257887e-02 2.4291229014e-02 2.1541330942e-02 2.7597650430e-02 3.0260958412e-02 3.2034027493e-02 2.6122550782e-02 4.5826576473e-02 9.0901991539e-02 2.8189199426e-02 3.3041827536e-02 2.4252726196e-02
9.6545090454e-03 1.8790110715e-02 1.6412293260e-02 2.8911167267e-02 1.5004914195e-02 8.5107782687e-03 2.3529882724e-02 8.4724326931e-03 5.5219146197e-03 1.0692165001e-02 1.2891258957e-02 9.3798376969e-03 8.8967168206e-03 1.3855841289e-02 1.9145526438e-02 1.0431516839e-02 1.5025484779e-02 2.9049495406e-02 3.8400954533e-02 1.1042740719e-02
1.0517315178e-02 8.7529346780e-03 1.0084220184e-02 2.2200816424e-02 1.2531674821e-02 8.1507215025e-03 6.6917131953e-03 1.1961663192e-02 1.1868189198e-02 9.5955662198e-03 6.1253190891e-03 1.1321437209e-02 2.1493722978e-02 2.9217288489e-02 1.1014550001e-02 1.1128843703e-02 6.2189618907e-03 2.4839375091e-02 9.2567426562e-03 1.4114988595e-02
5.6157275278e-03 1.5153167944e-02 2.4983042735e-02 4.3896257081e-03 8.1239978632e-03 2.4880636006e-02 8.3499583426e-03 8.5039575738e-03 7.2343656760e-02 1.1870346881e-02 7.8659596484e-03 7.9750141061e-03 5.7587807192e-03 7.2459352284e-03 7.4563066527e-03 5.9566860159e-03 4.1645040563e-02 1.7219734201e-02 5.6275801291e-03 6.8154597489e-03
7.2766640796e-03 7.9101040824e-03 1.4305809143e-02 5.1713917218e-03 9.6430414194e-03 4.6490375690e-03 5.9816761244e-03 4.1381241380e-03 6.5122153834e-03 5.4971321427e-03 9.1245941376e-03 6.2788367886e-03 6.7733568105e-03 7.2798114974e-03 2.0151645122e-02 6.2254625716e-03 8.1176811116e-03 3.0093593225e-02 4.8415886622e-03 8.2767665975e-03
1.2033279093e-02 5.3965476215e-03 1.3257923441e-02 4.9982672638e-03 5.5020753838e-03 6.5246257051e-03 9.0956319371e-03 6.0332450943e-03 6.3433068982e-03 5.3311481676e-03 5.9030828441e-03 6.4173940082e-03 5.8753364164e-03 7.1347440872e-03 4.4501729097e-03 6.6169077859e-03 7.4662122244e-03 7.3564760697e-03 7.0904696636e-03 6.2148565833e-03
7.4136133809e-03 7.3392159940e-03 8.5858602699e-03 1.0307204017e-02 9.3773960663e-03 6.0375149470e-03 9.7760207082e-03 9.6426147904e-03 1.1963723066e-02 4.4070296451e-03 1.3408779844e-02 6.5355147094e-03 4.2642242151e-03 6.4298110132e-03 5.9441447141e-03 5.0750812610e-03 5.4056217021e-03 1.2518045946e-02 1.1521146406e-02 1.7478668097e-02
9.2968478535e-03 6.8317109851e-03 4.1447973200e-03 7.1342907339e-03 6.2294903246e-03 7.0732822818e-03 6.9299026733e-03 8.3964821123e-03 6.8431600483e-03 5.7488505375e-03 8.1882583072e-03 5.0296148268e-03 6.2629388003e-03 8.8717333650e-03 6.5110697061e-03 3.7592291500e-03 1.2795972784e-02 9.2940942935e-03 6.3116042174e-03 9.2053553321e-03
1.1395993143e-02 6.1799984668e-03 8.5496846635e-03 7.8611818968e-03 7.3523718004e-03 6.3589461432e-03 6.7386456604e-03 6.4854892035e-03 7.3863149460e-03 6.6884736492e-03 7.9452503774e-03 8.2253293559e-03 6.3273633708e-03 9.7136086306e-03 7.8902373519e-03 6.7094421317e-03 1.2894588939e-02 4.8146197029e-03 6.7502065108e-03 5.6054386426e-03
5.4420310831e-03 6.2688596225e-03 6.4562790588e-03 7.2601933849e-03 6.4071775316e-03 5.9004814019e-03 5.3920059051e-03 5.6899906461e-03 7.7209409544e-03 1.1473089599e-02 6.1455028245e-03 7.4810969069e-03 7.0936043736e-03 5.2961169005e-03 7.8916289854e-03 6.1029375587e-03 6.2671065200e-03 7.6727672990e-03 5.6006278320e-03 4.5194510050e-03
