1.2157640640e-01 1.4276041996e-01 7.8158673146e-02 8.0019645050e-02 1.8489775677e-01 1.2687374195e-01 1.1008343392e-01 1.6592683369e-01 9.8651095613e-02 1.2674729340e-01 1.8300381502e-01 7.0518480591e-02 4.9510807758e-01 1.2332371166e-01 1.2108415706e-01 2.0245334289e-01 3.1949464666e-02 4.6368826638e-01 6.5342048904e-02 1.3300739276e-01
4.1418900228e-02 1.6809612148e-02 2.5406900469e-02 2.8868095864e-02 6.6174336348e-02 1.4204955307e-02 8.4300796081e-02 2.8005538845e-02 2.3567123959e-02 2.0853133832e-02 1.1818946617e-02 4.3886035470e-02 2.2392760992e-02 1.1093570617e-01 2.1239967337e-02 4.6629718026e-02 9.9635767590e-03 3.7148507170e-02 1.3340657682e-02 3.3551093701e-02
1.4115972591e-02 1.7258643439e-02 1.3848444840e-02 8.9756083412e-03 9.0331981953e-03 9.1207864988e-03 8.8654150448e-03 4.3503239903e-02 3.5925482483e-03 6.0528384161e-02 1.0422745904e-02 1.0637766043e-02 6.3495110868e-03 8.5017150556e-03 5.8579019689e-03 5.7525857973e-03 7.0828929957e-03 7.3810005404e-03 1.8019619502e-02 1.9258719504e-02
5.2222033309e-03 5.7837354823e-03 6.2618027336e-03 1.3161427523e-02 5.4390873381e-03 5.9984376464e-03 4.0125127273e-03 5.1855287010e-03 7.3706233149e-03 3.6625432897e-03 9.5231942533e-03 1.2647712739e-02 8.2219170498e-03 9.6171643771e-03 1.3424961082e-02 7.1249062535e-03 2.1502294155e-02 1.0865236273e-02 7.7426225998e-03 4.4831508830e-03
5.6841110342e-03 5.2823368796e-03 8.1820601207e-03 4.0831623370e-03 5.2927993298e-03 1.2342990156e-02 4.5835386474e-03 6.6667457932e-03 6.7003562601e-03 4.2851368583e-03 4.2032680030e-03 9.3571605640e-03 1.0230165639e-02 6.6332272286e-03 7.2768403051e-03 5.6749432574e-03 5.6132126342e-03 5.9691717787e-03 5.1177740614e-03 6.2341651040e-03
9.1799052469e-03 6.3128780959e-03 8.4032404791e-03 8.1569875525e-03 4.5666212998e-03 6.4293801005e-03 6.2469942806e-03 5.3706788869e-03 6.7741740346e-03 5.4921153980e-03 4.4387328084e-03 4.5414261825e-03 4.7261500213e-03 6.0982908187e-03 4.2443385207e-03 7.8474182609e-03 6.6473869109e-03 6.8798848331e-03 1.3003513423e-02 5.9890413805e-03
4.0094019019e-03 5.6575578088e-03 4.9256062174e-03 4.3514005367e-03 4.7540229133e-03 6.7644139124e-03 4.3519894344e-03 5.0930595698e-03 6.5420870106e-03 8.3772320950e-03 5.3516023205e-03 4.5804083610e-03 6.7398233126e-03 5.8239515580e-03 5.8374570528e-03 3.8289197150e-03 4.4637358414e-03 4.4224466154e-03 5.5002325850e-03 5.5669928312e-03
4.9982323501e-03 6.4817768579e-03 8.9254105809e-03 5.5278463463e-03 4.8481556797e-03 6.7648839536e-03 4.4056245251e-03 5.7204366641e-03 5.3583831253e-03 1.0767494211e-02 6.2253568708e-03 5.1066734387e-03 6.8867215375e-03 6.5990610900e-03 5.8581510413e-03 5.2741143786e-03 5.9365258965e-03 3.9606489346e-03 3.7458308318e-03 7.6067404326e-03
5.3488665773e-03 4.4721919559e-03 3.8183757766e-03 9.5394234103e-03 5.0399256847e-03 5.8173343058e-03 6.0940499285e-03 5.2414682702e-03 7.2645080998e-03 6.3360031564e-03 5.1648728354e-03 5.0934582499e-03 4.2106072244e-03 5.0802493232e-03 9.8355408577e-03 6.5261206329e-03 6.6434356463e-03 5.8381617620e-03 5.2487087535e-03 5.5891785978e-03
5.7605501605e-03 6.9997435465e-03 5.0778766324e-03 4.8569124109e-03 7.1710721836e-03 7.2583142627e-03 1.0571119507e-02 6.0028307253e-03 5.5256801100e-03 4.8559968498e-03 6.4739000646e-03 6.5975405759e-03 7.3040477305e-03 5.4889556917e-03 4.4020400780e-03 7.8010360800e-03 5.8862832554e-03 6.1183329224e-03 5.1537937310e-03 5.3970336826e-03
5.7023265001e-03 5.1770091378e-03 6.5458407896e-03 5.0979315028e-03 6.8045342759e-03 6.8290732864e-03 5.1776485208e-03 7.6730279019e-03 5.8084330245e-03 6.3166911387e-03 6.4633259835e-03 6.9664781865e-03 5.2299212407e-03 5.0570820502e-03 5.2068783412e-03 5.9421633714e-03 4.5403652879e-03 7.3209175405e-03 5.8094368881e-03 6.5974294398e-03
4.6717201484e-03 5.5956236551e-03 4.0120857828e-03 1.3796188715e-02 5.6030366171e-03 8.1260370651e-03 6.4101421967e-03 5.1454414271e-03 4.8058897909e-03 6.6413169425e-03 8.2146865000e-03 6.0084375674e-03 8.4284017439e-03 5.9825591443e-03 4.6868395372e-03 6.3065223517e-03 6.7628079501e-03 5.4805323535e-03 4.8977003214e-03 5.9280625050e-03
