2.7997105998e-01 2.5045462803e-01 2.7927255478e-01 2.5321697244e-01 2.9377006054e-01 2.6693240153e-01 2.8342468535e-01 2.6839068554e-01 2.6609085942e-01 2.7803373900e-01 2.6759891463e-01 2.9581705423e-01 2.5801746468e-01 2.3939307336e-01 2.6247674028e-01 2.7607745477e-01 2.6722189728e-01 2.8618503625e-01 2.7451586619e-01 2.7198919836e-01
7.5431821699e-02 7.3995177234e-02 9.0570486378e-02 8.1519163719e-02 7.8180099552e-02 8.2258817245e-02 8.4089135282e-02 8.3440784009e-02 7.8802050168e-02 8.7170222057e-02 7.2374983599e-02 8.7694429561e-02 9.2403520153e-02 8.5807895512e-02 8.1665727336e-02 8.2610268680e-02 8.0243792473e-02 8.5835412344e-02 8.1160965432e-02 8.3877902990e-02
2.2720830637e-02 2.3853801153e-02 2.1941656281e-02 2.2024182128e-02 2.0366926101e-02 2.1051283963e-02 2.2254063913e-02 2.2828419601e-02 2.0811912406e-02 2.0442671762e-02 2.1604175243e-02 2.2327754893e-02 2.1881731846e-02 2.5729567900e-02 2.0958815055e-02 2.0777885850e-02 2.1656451983e-02 2.0369982630e-02 2.2807929278e-02 2.1109230051e-02
4.5132563173e-03 6.0991881524e-03 5.2702051000e-03 5.1453206728e-03 6.6596880872e-03 5.2451082619e-03 6.8409016433e-03 5.1911773490e-03 5.2873013515e-03 4.6914093689e-03 6.2714190390e-03 6.4767057552e-03 5.7488521539e-03 4.5733514939e-03 6.2509737175e-03 5.1559320840e-03 4.8698636902e-03 6.1719350056e-03 6.3465167460e-03 7.1927548914e-03
1.0426738225e-03 1.0698245854e-03 1.0905219692e-03 8.6008257845e-04 1.0769985336e-03 1.4765390115e-03 1.4961332703e-03 1.0564863996e-03 1.3826560132e-03 8.6067397466e-04 9.7980846740e-04 2.0207012493e-03 1.2525896551e-03 1.3820392465e-03 1.1401614187e-03 2.0239280901e-03 9.7586772202e-04 1.1615380627e-03 1.1391999325e-03 9.8035460299e-04
3.3458405479e-04 2.6413744950e-04 3.2053783987e-04 3.1131921136e-04 5.3942721094e-04 2.2110625696e-04 2.5815463274e-04 2.5449810230e-04 2.2462808067e-04 2.6693872004e-04 3.3430987500e-04 2.1495612102e-04 3.0438267969e-04 2.1056460424e-04 3.2012433926e-04 2.1645845713e-04 1.9650186815e-04 2.4984477990e-04 2.2933812296e-04 2.0746470514e-04
2.3075422090e-05 5.3207895252e-05 1.7529338107e-04 3.0739593059e-05 3.7724738786e-05 4.6055106231e-05 5.7171104593e-05 7.6942649823e-05 2.0111240583e-05 4.0989121520e-05 2.1133118242e-05 3.1075846351e-05 6.0107103513e-05 5.1647618441e-05 5.6401851509e-05 6.7947504615e-05 5.1135869870e-05 7.9863435986e-05 6.6213273483e-05 3.7302000237e-05
2.8007323893e-05 1.5253644750e-05 8.6453593521e-06 7.4029201877e-06 3.1692100065e-05 2.0547650656e-05 9.4215584857e-06 1.4741849670e-05 5.8116526536e-06 1.3397087616e-05 2.6563616929e-05 1.2493694630e-05 1.1294294302e-05 1.6828769681e-05 7.1315919998e-06 1.7997835945e-05 2.6432701385e-05 6.4055601458e-06 1.8160252743e-05 2.1243712441e-05
1.0015515477e-06 2.6836900985e-06 1.9941814866e-06 3.3110512292e-06 2.8701456166e-06 7.8940770092e-06 2.0016408335e-06 1.8502724695e-06 1.5404005699e-06 3.6544488532e-06 9.5942449477e-07 7.7842350956e-06 1.9963118125e-06 5.6190162086e-06 3.8560266672e-06 8.6130703568e-07 1.4974388890e-06 3.0604959817e-06 3.0433722027e-06 6.3554851759e-06
2.4342421369e-06 5.6285149590e-06 1.0496913023e-06 1.6132916051e-06 1.7370001271e-06 5.2177406886e-07 1.4618213469e-06 7.0566101168e-07 5.1833445673e-07 4.0152015167e-07 1.6713738568e-06 4.3200971174e-07 1.2603324691e-06 6.2515681655e-07 4.2882369459e-07 9.4316699959e-07 9.3462486311e-07 3.8196945259e-07 1.1782770938e-06 1.1646960180e-06
1.0312235983e-07 3.0114217210e-07 2.2782242388e-07 1.4525036212e-07 6.7244295364e-08 2.0434840639e-07 1.5015956958e-07 6.6697221857e-08 8.9007333313e-08 6.8954592278e-07 1.1786517114e-06 4.5627832208e-07 1.1791254623e-06 4.9917495381e-07 1.9388544512e-07 9.7147715298e-08 3.0198455758e-07 2.3092106263e-07 4.2056198969e-07 2.2774515347e-07
1.3779138666e-07 5.2273861635e-07 4.5135696744e-08 1.1552843327e-07 5.4021160445e-08 5.1888530927e-07 1.3898828172e-07 2.9850283362e-07 5.1466607703e-07 1.8314293463e-06 5.2761731087e-07 3.8823031063e-08 2.0165149052e-07 1.2461076684e-07 1.7809419815e-07 7.4665654695e-07 8.7042610674e-08 3.6966186155e-08 7.0880996181e-08 6.3938892523e-08
