2.1397620682e-02 2.2060350007e-02 2.1874982560e-02 2.4613606469e-02 2.1496890876e-02 2.1698606978e-02 2.1789876618e-02 2.1931478190e-02 2.2097969168e-02 2.3037137724e-02 2.1438796041e-02 2.2465376383e-02 2.0986296170e-02 2.3241752757e-02 2.2823005526e-02 2.2722061241e-02 2.1977475256e-02 2.2176826739e-02 2.0931227837e-02 2.2051269433e-02
3.8899155552e-03 4.4699314320e-03 4.0936670096e-03 4.3124700423e-03 3.8055656212e-03 3.9011754396e-03 4.2931291887e-03 3.8682815855e-03 4.1232469004e-03 5.0864568306e-03 4.0639006562e-03 3.8711792282e-03 3.9900139022e-03 3.6834973522e-03 4.6048143114e-03 5.0281744353e-03 3.8174248912e-03 3.6759217822e-03 4.1079909669e-03 3.9846241549e-03
1.1153187899e-03 1.5338960225e-03 1.8307889568e-03 1.2348924180e-03 1.6447271052e-03 1.0787158932e-03 1.4289894348e-03 1.1341828999e-03 1.0041665780e-03 1.3529587572e-03 1.2509212103e-03 1.2009299523e-03 1.0874507281e-03 1.3769486882e-03 1.1481579539e-03 1.1709630277e-03 1.6107380898e-03 1.3650219078e-03 1.2174060412e-03 1.4990559770e-03
1.0282386103e-03 1.0737312049e-03 1.4071345679e-03 8.7501840583e-04 8.8121966055e-04 9.2286727920e-04 8.0829481407e-04 7.8712095799e-04 8.6764219100e-04 9.8611948357e-04 1.0371731140e-03 9.7911842018e-04 8.2950735894e-04 8.6685741489e-04 9.0045940412e-04 8.9077209178e-04 9.6140941432e-04 1.0455701679e-03 1.0709323374e-03 1.0054798768e-03
2.9306498133e-04 4.0758625427e-04 3.0741112941e-04 3.8911525536e-04 3.1175223835e-04 4.1123197082e-04 2.4723614775e-04 4.3748200913e-04 2.9656050728e-04 2.7818133986e-04 3.0369424217e-04 3.4414740156e-04 7.9863251536e-04 3.5378303096e-04 2.7060213287e-04 2.3064034272e-04 3.7622284500e-04 2.6032859844e-04 3.0736839904e-04 3.4349529368e-04
1.2896284289e-04 1.4634524535e-04 1.5853385189e-04 1.5225323291e-04 1.2126084998e-04 1.5356176115e-04 1.5841370284e-04 1.2672119124e-04 1.4546174433e-04 1.8158741100e-04 1.2513276819e-04 1.6729112711e-04 1.0857689180e-04 1.6787118802e-04 1.5481783417e-04 1.6000067488e-04 1.5058114285e-04 1.7070419435e-04 1.2704439336e-04 1.3547072880e-04
9.7479410271e-05 1.0590445139e-04 8.9629657765e-05 1.0961078156e-04 6.0479300550e-05 6.6604457655e-05 6.2952303099e-05 6.3605268504e-05 6.9298159511e-05 9.1425208987e-05 1.0334678798e-04 7.1047228013e-05 9.6694948172e-05 1.2335012888e-04 7.5550852447e-05 8.5572209653e-05 1.0734809518e-04 9.1064847639e-05 7.2400447646e-05 1.3519142291e-04
7.1240806185e-05 5.3296308257e-05 9.7722796312e-05 7.5665977596e-05 7.7255592378e-05 5.4875758546e-05 5.4625316176e-05 4.4986871625e-05 5.4959232042e-05 4.6575117724e-05 6.2854147013e-05 4.6243335983e-05 5.3945435926e-05 4.6863846590e-05 9.7906553762e-05 6.2593371653e-05 5.3556409342e-05 4.1240791746e-05 5.9487007540e-05 7.0723268699e-05
1.5242241935e-05 2.5403257329e-05 1.5704619760e-05 2.8416854832e-05 1.9772097382e-05 2.7313805415e-05 1.5311906588e-05 1.5554423138e-05 4.1463737936e-05 1.5941454140e-05 1.6474620647e-05 1.4761009677e-05 1.7057834717e-05 1.2697880595e-05 1.5885181981e-05 2.0706562991e-05 3.1458726795e-05 1.9625017101e-05 1.2217986827e-05 1.7933045878e-05
1.3684768628e-05 3.7838932279e-05 1.3927446520e-05 1.3880778252e-05 1.6027687016e-05 1.5588603864e-05 2.5452267776e-05 1.2648103318e-05 1.8364914583e-05 1.3043696758e-05 1.4791035098e-05 1.9816568041e-05 2.8381407876e-05 1.3281118558e-05 2.0038236161e-05 1.5948984204e-05 1.2315597081e-05 1.8466720800e-05 1.6792026646e-05 2.8405405730e-05
1.2517428819e-05 1.2727736181e-05 1.2757479753e-05 1.6842694331e-05 2.3566670351e-05 3.3525343405e-05 1.5285297411e-05 1.2671009562e-05 3.8485667388e-05 1.1426803248e-05 1.3773682280e-05 1.5672797467e-05 1.6756944092e-05 1.2667186026e-05 1.0141193642e-05 1.5779170113e-05 1.2873160755e-05 1.6232378442e-05 1.4235396780e-05 2.8016637899e-05
5.1140347979e-06 5.5274043182e-06 9.3001541732e-06 3.5109611177e-06 1.4267760880e-05 5.4042484843e-06 5.8229424303e-06 4.2612575215e-06 3.9536696845e-06 1.0241254420e-05 1.1956164353e-05 9.5075872871e-06 1.8767390176e-05 8.1251995353e-06 5.6951556727e-06 4.7576802883e-06 7.5978098680e-06 5.0519511884e-06 5.3411494420e-06 8.3388011934e-06
