3.9795907296e-01 4.5240277669e-01 4.3636571813e-01 3.9119182839e-01 4.1888609023e-01 4.2784025869e-01 4.8777754669e-01 4.0194014786e-01 4.0282431154e-01 4.0502301916e-01 4.0548054205e-01 3.9042983673e-01 4.5764907550e-01 4.0638746328e-01 4.1963585445e-01 4.0295389981e-01 4.0230549017e-01 4.1273068663e-01 4.2764923311e-01 3.7814669873e-01
9.7857752596e-02 9.2872726383e-02 1.0221846581e-01 1.2435305001e-01 1.0747615064e-01 9.1030271007e-02 9.6289940588e-02 1.1945253927e-01 8.4519456208e-02 9.9504898831e-02 9.4735211913e-02 8.0896551690e-02 9.1479075447e-02 1.0567255657e-01 9.8228244886e-02 7.9317082203e-02 9.4237297092e-02 9.2016869919e-02 8.1308005315e-02 1.1562097237e-01
2.6630522581e-02 2.4889337909e-02 2.2023223879e-02 2.3364430330e-02 2.7889400437e-02 2.6274066038e-02 2.1976806062e-02 2.1751092786e-02 2.7039608347e-02 2.3610853167e-02 2.5681140659e-02 2.4841091423e-02 2.3593477604e-02 2.5091216893e-02 2.9297776862e-02 2.4402814849e-02 2.8158113910e-02 2.0570526583e-02 2.7893394954e-02 2.4546400922e-02
1.6893280376e-02 1.9567757206e-02 1.5200916028e-02 1.9382078277e-02 1.8923740743e-02 1.5419803289e-02 1.5184570256e-02 1.8043549661e-02 1.7352167288e-02 1.7494074906e-02 1.4614590393e-02 1.5144397969e-02 1.5732598814e-02 1.7117005967e-02 1.2496440737e-02 1.2697520461e-02 1.7214563813e-02 1.4596193327e-02 1.6392137898e-02 1.8895183219e-02
4.8714535302e-03 5.2845280138e-03 6.7448861462e-03 5.4025601174e-03 9.5968164825e-03 7.3186369051e-03 5.8831569791e-03 7.0464741525e-03 8.4277639197e-03 6.2087128018e-03 5.0251320601e-03 5.5085160287e-03 5.8576135662e-03 7.5418601892e-03 6.7345810428e-03 4.9484100094e-03 7.4081987965e-03 5.9489469173e-03 6.7613461385e-03 5.0149360517e-03
3.1797948625e-03 2.8489090077e-03 4.0677760094e-03 3.1627606418e-03 3.3572903452e-03 3.4865829883e-03 3.5365539294e-03 3.2525648781e-03 3.1864019898e-03 3.1708434137e-03 2.7774043986e-03 3.4289455735e-03 3.1964736336e-03 4.0920130249e-03 3.7321108744e-03 3.1132698752e-03 3.0125253462e-03 3.1411407309e-03 2.9917299444e-03 2.3417732477e-03
1.7196677581e-03 1.8818463978e-03 1.9754278751e-03 2.0956919432e-03 2.1512991857e-03 1.6783918270e-03 1.8381472538e-03 1.6132288621e-03 1.3827110778e-03 2.0974715745e-03 1.5986824953e-03 2.0271930618e-03 2.4036327965e-03 1.8211267222e-03 2.0400522250e-03 2.5915954743e-03 2.6841158092e-03 2.9600961773e-03 2.0725445601e-03 2.6466416309e-03
1.4073378876e-03 1.1167798413e-03 1.6236153680e-03 1.5153123819e-03 1.2783605061e-03 1.5121639089e-03 8.7070398232e-04 1.1771419840e-03 1.2063770989e-03 2.3316824598e-03 1.5878856600e-03 1.3455362465e-03 1.1062533225e-03 1.4989936721e-03 1.0462927593e-03 1.1889211326e-03 1.1071514352e-03 1.3979689609e-03 1.9078883145e-03 1.0323032917e-03
4.1167905468e-04 5.2267045697e-04 4.6615405257e-04 3.8431201885e-04 4.1987717019e-04 8.0545489247e-04 6.1814067636e-04 6.3646601503e-04 3.3101284679e-04 3.7289293185e-04 4.3492057143e-04 2.8972578378e-04 3.9126499509e-04 3.7211876958e-04 6.1244046299e-04 5.4251520624e-04 5.9002390584e-04 9.3205014121e-04 4.4497642905e-04 1.5948410230e-03
1.2976261919e-03 4.2165739486e-04 3.6373100070e-04 4.9308578998e-04 3.2669406894e-04 7.0033550865e-04 7.9070342547e-04 3.1211171993e-04 5.5397477300e-04 3.9435844002e-04 1.1153961066e-03 4.0592398726e-04 4.0745323348e-04 8.3907320858e-04 4.6154588113e-04 4.5771063085e-04 4.7270603497e-04 8.5465899577e-04 3.4239843627e-04 1.0881306586e-03
3.5815325836e-04 3.9568282944e-04 4.0282975540e-04 5.2589673278e-04 3.9476770295e-04 5.1675568695e-04 4.1549819304e-04 8.4207949669e-04 2.7492662359e-04 6.1181522378e-04 4.6754806046e-04 4.9904294649e-04 3.1945896964e-04 3.5648793156e-04 5.4139869892e-04 7.6729878388e-04 2.1781983415e-04 1.8931070283e-03 1.1911554193e-03 2.5416919867e-04
2.8057666814e-04 1.6242152821e-04 3.7524526289e-04 2.1931946121e-04 2.6678284538e-04 1.3997070965e-04 2.6121656501e-04 3.7280080661e-04 2.5740397874e-04 3.2653496271e-04 6.0287091285e-04 2.9990234057e-04 3.1241778184e-04 2.1394125417e-04 3.3085005213e-04 6.6054612135e-04 2.4767868426e-04 3.1797025515e-04 3.0224623315e-04 2.3899206314e-04
