5.6170582199e-01 5.3812426197e-01 5.3054800345e-01 4.3550469366e-01 5.3061339569e-01 5.2230943105e-01 4.9907116509e-01 5.4841032190e-01 5.4352606634e-01 5.1706664212e-01 5.6819452741e-01 5.3246641604e-01 5.4843380426e-01 5.1460729861e-01 5.1883815452e-01 5.0452253164e-01 5.6920152700e-01 5.3746720523e-01 5.4264240055e-01 5.5296930953e-01
1.5628786407e-01 1.5327098224e-01 1.4340781946e-01 1.5580213186e-01 1.6002327686e-01 1.6540384081e-01 1.6553429587e-01 1.5192841602e-01 1.5397690161e-01 1.7622116234e-01 1.5682630722e-01 1.6564986259e-01 1.6798477093e-01 1.6322556041e-01 1.6446356935e-01 1.5319643059e-01 1.4478804049e-01 1.5399226060e-01 1.6984839664e-01 1.3669413176e-01
4.1482735883e-02 3.9089923832e-02 4.2119227416e-02 3.8320057505e-02 3.8841870993e-02 3.5242568819e-02 3.9435630202e-02 4.0488183399e-02 4.6787643332e-02 4.7889669914e-02 3.6787036583e-02 3.5880608262e-02 3.6195090882e-02 3.7436438775e-02 3.5026870969e-02 4.1675658135e-02 4.3390651268e-02 4.1460675536e-02 3.4897425311e-02 3.4231198969e-02
9.0983456644e-03 8.8500865100e-03 9.3454580334e-03 1.0141880618e-02 8.0625648827e-03 1.0426237667e-02 7.4777128613e-03 8.3807791645e-03 1.3869459029e-02 8.0286247021e-03 8.4878211718e-03 1.3472784198e-02 9.7943240668e-03 7.8251587995e-03 1.4032019099e-02 1.0396263547e-02 1.1764962731e-02 1.0912442428e-02 9.4887108302e-03 9.4279658741e-03
1.6575968185e-03 1.6811426468e-03 2.2446678488e-03 1.8518515530e-03 2.1511980147e-03 2.4275744567e-03 2.1803635196e-03 2.1776700734e-03 2.2472633243e-03 2.0379434781e-03 1.8909263161e-03 1.9931207902e-03 1.4490233888e-03 2.7151876430e-03 1.9553972318e-03 2.5991598212e-03 2.1085800834e-03 2.6195636291e-03 2.0090727839e-03 2.1341987637e-03
6.5015229773e-04 6.2468000934e-04 3.5026474789e-04 7.8963775008e-04 9.7238492525e-04 9.8515893827e-04 6.9496906377e-04 1.3474482127e-03 7.4460418338e-04 5.8191447652e-04 1.3488258902e-03 6.4928812243e-04 6.0236260196e-04 6.2988279959e-04 4.3632991636e-04 9.9097473025e-04 5.0914757319e-04 6.3074680274e-04 3.8716229695e-04 1.1889290406e-03
7.7462358706e-04 4.8518845737e-04 1.4942130411e-04 4.8718687387e-04 3.3321112810e-04 5.9046998624e-04 1.7882203505e-04 2.5997226514e-04 1.9006918001e-04 1.2303719693e-04 2.2120480818e-04 3.1478565914e-04 5.2170542038e-04 3.2823036740e-04 2.3516983988e-04 2.2043492450e-04 5.2453288346e-04 3.5309732148e-04 2.2348476792e-04 1.3874411175e-04
5.1829033635e-05 2.3666232579e-04 3.9447153120e-04 4.8768406720e-04 3.2975387662e-04 1.8394466985e-04 1.5677346450e-04 1.2710090457e-04 3.5441643196e-04 2.2020126539e-04 2.8486571441e-04 1.5019292326e-04 3.8805575188e-04 2.2712416746e-04 2.4988578315e-04 1.0212475237e-04 4.2027173226e-04 2.0040352112e-04 2.7737468927e-04 1.2539064511e-04
1.8009973918e-04 2.7060634784e-04 3.6804161102e-04 1.0676284791e-04 1.6700697289e-04 1.4094573811e-04 3.8098676019e-04 1.5485939316e-04 2.3929319259e-04 1.5836173921e-04 1.1272286885e-04 6.4632949318e-05 3.3915067850e-05 1.2065659394e-04 1.9455775562e-04 1.1558497709e-04 1.5989775755e-04 2.1007917929e-04 1.9687957700e-04 2.0356193421e-04
3.7879890331e-04 1.7665125927e-04 3.8172952414e-04 3.8219861795e-04 1.8234258170e-04 1.3709335029e-04 2.6606052618e-04 4.6569265442e-04 3.5150511177e-04 2.0984299063e-04 2.3785913751e-04 1.6207663506e-04 2.1887164995e-04 2.9102192088e-04 2.2191751024e-04 4.6442569307e-04 8.5656510038e-04 1.1384887822e-04 4.0951713443e-04 2.6203098012e-04
6.9066302839e-04 5.8252443278e-04 5.6987114976e-04 1.7546252246e-04 6.8061410373e-04 6.6730151476e-04 7.6536413359e-04 9.9592462263e-04 2.7644048624e-04 6.0064593606e-04 4.1366400338e-04 1.1604034924e-03 3.4577839640e-04 1.4048409516e-03 4.0037604788e-04 3.6311880825e-04 3.3124349250e-04 7.3764060002e-04 4.2682058152e-04 8.7141585590e-04
4.2668588052e-04 1.1814579817e-03 9.1915629360e-04 8.7255445717e-04 5.1366599383e-04 8.0592278051e-04 6.0979164619e-04 5.5369594819e-04 5.0684364338e-04 8.6488041129e-04 8.5916688307e-04 6.2928762928e-04 6.2826067372e-04 8.8411018780e-04 1.7895234811e-03 4.5125806109e-04 7.3596094095e-04 4.1920525219e-04 5.9190955108e-04 3.0213210617e-04
