2.2697274828e-02 1.9119584961e-02 2.0499824921e-02 1.8728145664e-02 2.0907695516e-02 1.8606193252e-02 1.9510568013e-02 2.2171147293e-02 1.9410738047e-02 1.9660719987e-02 2.2422330972e-02 2.1021935977e-02 2.1205438432e-02 2.0757384642e-02 1.9998143761e-02 1.9882429396e-02 2.0459804316e-02 1.9679742720e-02 1.9513888236e-02 1.9967549529e-02
4.4277936844e-03 4.1306776682e-03 3.7111561428e-03 4.6554036781e-03 3.6884615088e-03 3.6681898303e-03 3.5280760200e-03 3.7507090158e-03 3.3450128610e-03 3.6169447282e-03 4.1555409596e-03 3.6858937019e-03 3.6975837804e-03 4.6387788292e-03 3.6476908214e-03 5.4801301159e-03 3.7318014926e-03 3.8716147964e-03 4.7953159902e-03 3.5962316500e-03
7.8159510069e-04 9.5868217926e-04 9.5647312252e-04 9.2842030172e-04 8.0459977685e-04 1.0863674212e-03 9.1283866066e-04 1.0537487716e-03 8.7953974076e-04 9.8402134959e-04 9.6888476567e-04 8.9216344864e-04 9.8191430023e-04 8.9959405791e-04 1.0736810233e-03 9.5838500797e-04 9.7751693935e-04 1.1100387390e-03 1.0224426183e-03 1.0535073602e-03
9.3218129259e-04 6.4073250590e-04 1.3279741775e-03 7.4960615603e-04 7.9576115199e-04 7.9271441034e-04 8.4646098547e-04 1.1980061363e-03 9.8533090228e-04 9.2332340653e-04 7.1933170468e-04 8.6606708360e-04 7.4458676854e-04 7.4724335935e-04 6.5597849587e-04 1.2029697137e-03 7.9459890330e-04 6.7144118675e-04 7.0548911257e-04 6.9813117728e-04
2.3219828508e-04 6.4393406921e-04 1.8944408863e-04 4.1379406954e-04 4.3517544757e-04 3.8963498796e-04 3.7253849561e-04 3.1904481375e-04 3.1240947811e-04 3.0490694252e-04 2.6016644952e-04 4.9744240890e-04 2.7340350658e-04 3.4797561390e-04 2.5214941468e-04 2.3800307152e-04 2.5717945124e-04 2.6093345224e-04 3.7814618983e-04 2.1645009133e-04
2.5545713586e-04 2.1914246037e-04 1.4237908773e-04 1.7959297644e-04 2.1718251638e-04 1.9963035540e-04 2.5063842676e-04 1.4553002072e-04 3.2132131337e-04 2.0914786008e-04 1.6515835264e-04 2.3948368638e-04 2.6633206756e-04 1.7186237415e-04 1.6892149742e-04 2.2615276357e-04 3.0869961494e-04 2.1357282506e-04 2.5645560541e-04 2.3821275265e-04
1.9230607058e-04 1.5232955581e-04 1.2780584069e-04 1.9456929700e-04 9.8478494270e-05 1.8660393320e-04 1.7161016638e-04 2.0165992205e-04 2.0109209338e-04 2.0253939864e-04 1.6735587589e-04 1.6931885003e-04 1.4348389178e-04 1.0369429810e-04 1.5079018220e-04 1.6810518762e-04 1.8258484422e-04 3.0994727002e-04 1.8730379735e-04 2.5730249981e-04
2.7115795401e-04 2.0587216708e-04 1.4127229179e-04 1.7642990158e-04 2.4220200217e-04 2.3356200212e-04 1.9198462187e-04 3.0603713939e-04 2.3266002529e-04 3.5831901240e-04 4.8276853190e-04 1.4281794027e-04 1.5375566118e-04 2.2228949508e-04 2.3750998111e-04 2.0148065705e-04 4.1082505013e-04 3.0435036392e-04 1.3903606324e-04 5.5129657341e-04
3.2497906385e-01 3.1858702595e-01 3.1306290549e-01 2.9266062939e-01 2.5386984111e-01 2.4919887124e-01 2.0815847155e-01 1.9861301964e-01 2.7203244351e-01 2.0954258682e-01 2.7780765081e-01 2.8085439939e-01 2.6077925465e-01 2.7418187639e-01 3.4002911950e-01 4.0035642342e-01 3.3575124662e-01 2.3139822149e-01 3.3794269343e-01 2.7748017216e-01
4.2878129445e-01 5.1639231884e-01 5.4766084485e-01 4.6292348423e-01 4.9648958910e-01 5.1669005744e-01 4.9292972112e-01 5.3917130671e-01 5.0156090417e-01 4.7005286689e-01 4.6331568502e-01 4.8680876217e-01 4.6811373879e-01 4.6900905169e-01 4.6896722725e-01 4.7735331600e-01 4.9418371434e-01 4.8740324622e-01 5.1996454529e-01 5.1538141113e-01
8.8112722130e+00 4.0649479836e+01 1.4930389940e+02 3.4074128053e+01 9.5014006903e+00 8.5621989050e+00 5.7819237270e+01 1.3276970523e+01 3.6370886845e+00 1.0059564737e+01 1.4943634607e+01 2.3044390862e+01 3.7485772691e+01 7.6742971226e+00 5.8789284865e+01 6.7147909076e+01 7.2942437224e+00 1.9400631009e+03 1.8625519871e+00 1.1242107809e+01
4.9637445288e+00 7.0003438229e+00 2.4283651577e+00 3.4617426775e+01 3.1286168041e+01 3.3104362814e+00 2.3036989787e+01 2.7974959792e+00 3.4271442900e+00 3.4015792872e+01 1.8246342298e+00 5.6849468651e+01 1.6996363658e+01 1.4957731031e+00 7.0559109116e+00 4.2993927259e+01 2.5877691617e+01 4.1035303913e+00 2.2355477620e+00 4.3958263349e+00
