5.3983769523e-01 5.6886152241e-01 5.2881461608e-01 5.3616684691e-01 5.7139055017e-01 5.1968440170e-01 5.0837052756e-01 5.2200874113e-01 5.0353485658e-01 5.7893447568e-01 5.7477251453e-01 4.9193136408e-01 5.3407388738e-01 5.5806621026e-01 4.9233607313e-01 5.7001758675e-01 6.3323584340e-01 4.9877797280e-01 5.2450361938e-01 5.4630153450e-01
1.5416746573e-01 1.7447061355e-01 1.6001256594e-01 1.6327024455e-01 1.6506782136e-01 1.7348938113e-01 1.5561019510e-01 1.5665086357e-01 1.6628692915e-01 1.6683041895e-01 1.7550621151e-01 1.7222984390e-01 1.7031592756e-01 1.7846215132e-01 1.5530215775e-01 1.5540010075e-01 1.5390075180e-01 1.7816402588e-01 1.6720219727e-01 1.5380540973e-01
4.6387570961e-02 4.0719370988e-02 3.7494283388e-02 3.6177582070e-02 3.7782636694e-02 4.1024211072e-02 3.1661147481e-02 3.7924624552e-02 3.2765123866e-02 3.3778446833e-02 3.3056137137e-02 5.0319337940e-02 4.3734584296e-02 4.1128239724e-02 4.3255262439e-02 3.7813248749e-02 4.5934879662e-02 4.0533914805e-02 3.8829797016e-02 4.5069689874e-02
8.7882120217e-03 9.7937857116e-03 1.0397330853e-02 1.0923579169e-02 8.9870899829e-03 8.9361324234e-03 7.6561554927e-03 8.4804550797e-03 9.1547966171e-03 8.1792277176e-03 8.5730278975e-03 8.9227966540e-03 8.6083944075e-03 9.1924571836e-03 8.9068761512e-03 7.2822203262e-03 7.6772677097e-03 8.8018140491e-03 1.1411278472e-02 7.1182794495e-03
2.2382446888e-03 2.1579673763e-03 1.9744319750e-03 1.9082451520e-03 2.3525590306e-03 1.8265462343e-03 1.5979900405e-03 2.0686622809e-03 2.2085546909e-03 1.6773373534e-03 2.2630419127e-03 2.2819984790e-03 1.8375344754e-03 1.7482302023e-03 2.0646587243e-03 1.4197054301e-03 2.2018794259e-03 1.4760017170e-03 1.7476480227e-03 2.1283283660e-03
3.4466144068e-04 4.1153518940e-04 3.3391636914e-04 7.2222311681e-04 2.4815217334e-04 5.0413854193e-04 4.6809726067e-04 6.2071343512e-04 4.1562628871e-04 3.8637275410e-04 4.2300383659e-04 4.2434963689e-04 5.6989504063e-04 6.6624782920e-04 6.1730819014e-04 2.9301832754e-04 4.2287506291e-04 3.2205234647e-04 6.2723572636e-04 5.2732430157e-04
1.7151661521e-04 1.4700733697e-04 5.6188727172e-05 1.7488457605e-04 8.2757680917e-04 1.0806007920e-04 2.6953714332e-04 1.0264745403e-04 1.2527699751e-04 4.4554663422e-04 8.3990987504e-05 2.1673780008e-04 1.9375478451e-04 9.3712442090e-05 3.1019700150e-04 9.0299228683e-05 2.0383118500e-04 2.2384349895e-04 1.2725133031e-04 1.8413049735e-04
3.6535107452e-04 3.1392607364e-05 3.6069550878e-05 4.8084681422e-05 8.6212173075e-05 1.4014772340e-04 4.5789865899e-05 7.5541853710e-05 9.1835979657e-05 2.7933871499e-04 3.6714849242e-05 5.5284713922e-05 1.5150239836e-04 2.0199393881e-04 8.4406373683e-05 1.8850222801e-04 6.7552096343e-05 1.7531137127e-04 3.6395322745e-05 5.8038628121e-05
7.3283581151e-05 9.0026871894e-05 7.1925284456e-05 5.5374357305e-05 1.0431329091e-05 8.5140558707e-05 5.3615951552e-05 2.9077712203e-05 5.9660503083e-05 4.2376219478e-05 7.4224217747e-05 1.6043314045e-04 6.5573593340e-05 3.8744327158e-05 5.2345221083e-05 5.2659825645e-05 6.4961320788e-05 5.8726838974e-05 4.1724215220e-05 2.5328698003e-05
6.2379025572e-05 1.0342450687e-05 5.8931255179e-05 1.1468934052e-04 1.1352409141e-04 4.0460935853e-05 5.0410740593e-05 2.1069159023e-05 2.1531131182e-05 3.2203084619e-05 4.9592110481e-05 6.1107724725e-05 1.8286078558e-04 5.1119132865e-05 2.6136426708e-05 5.4119753750e-05 4.7134308919e-05 1.1472379679e-04 4.0693136545e-05 2.3438565571e-05
1.0357520283e-04 6.3339431936e-05 2.3382662877e-04 4.1486292615e-05 3.5682337933e-04 4.7749864161e-05 8.9690380961e-05 3.4899729626e-05 1.4670608506e-04 2.0248036323e-04 1.1369035682e-04 4.5780756720e-05 8.0557638872e-05 6.2398127669e-05 9.3483858454e-05 2.4709478373e-04 1.1153033714e-04 6.9759216447e-05 5.5609089213e-05 2.3594446636e-04
9.2733991406e-05 2.3450102168e-04 2.5774604528e-04 9.4440180624e-05 1.9210835865e-04 1.5647130836e-04 6.4878536034e-05 1.0383767519e-04 1.1513654267e-04 1.2712408835e-04 5.6813777041e-05 4.2861529293e-04 1.0063317759e-04 1.5448781573e-04 1.9589407792e-04 1.4228370127e-04 2.1171762057e-04 1.0109734816e-04 8.7770513271e-05 5.8897550962e-05
