3.3373604995e-01 3.2621174812e-01 3.3254822902e-01 3.2740267567e-01 3.2800361875e-01 3.2905612340e-01 3.3242916195e-01 3.2525472668e-01 3.2861406022e-01 3.2564209399e-01 3.2463396273e-01 3.2310539196e-01 3.2784259191e-01 3.2272279745e-01 3.2280801830e-01 3.2334868224e-01 3.2909773228e-01 3.2583594330e-01 3.2265830727e-01 3.2815178630e-01
1.4459345577e-01 1.5790052947e-01 1.5121821146e-01 1.5325249977e-01 1.4902435156e-01 1.4776706600e-01 1.5672641835e-01 1.4471001104e-01 1.5668360829e-01 1.5396977461e-01 1.3674951958e-01 1.3875377130e-01 1.3793787086e-01 1.4846673959e-01 1.4750754325e-01 1.5233386629e-01 1.3373372002e-01 1.4920273168e-01 1.4273228937e-01 1.6372022279e-01
5.6169680131e-02 4.4894401695e-02 5.1934602418e-02 5.2325710543e-02 4.5049809464e-02 4.6250785112e-02 5.5283130766e-02 4.8978388083e-02 4.3793144965e-02 4.2962460230e-02 5.2001703622e-02 5.0801687889e-02 5.1361287097e-02 5.0911371411e-02 4.2520127560e-02 5.3140596435e-02 4.3845353339e-02 4.7089310179e-02 4.9298371305e-02 4.8277780185e-02
3.8672271899e-02 4.0618695100e-02 3.7890586909e-02 3.4184378840e-02 3.5352594001e-02 4.0692744995e-02 4.5421512048e-02 3.3877357152e-02 4.2295108701e-02 3.6374472944e-02 3.9371478149e-02 3.9341852754e-02 3.6849726637e-02 3.5652645086e-02 3.7301448910e-02 3.8920670611e-02 3.4546939732e-02 4.0809254026e-02 4.1211090036e-02 3.6446039578e-02
1.5774520859e-02 1.3594306976e-02 1.3235490807e-02 1.2642807470e-02 1.1470212723e-02 1.4051843625e-02 1.4805538180e-02 1.4056112795e-02 1.1724059112e-02 1.4348703488e-02 1.3508165966e-02 1.4664035529e-02 1.2873196863e-02 1.2807256330e-02 1.3624406584e-02 1.1688002049e-02 1.1126723105e-02 1.6050532309e-02 1.3437022230e-02 1.1225183623e-02
7.1971181387e-03 5.8586142583e-03 7.0237598291e-03 5.9988238475e-03 4.2241156633e-03 6.4252403344e-03 5.4614350401e-03 9.0350552492e-03 6.0932583355e-03 5.9691857301e-03 6.4118353621e-03 6.4261099673e-03 5.4062985190e-03 7.8220855496e-03 5.3229788434e-03 6.3887633863e-03 5.6190003892e-03 6.4702647066e-03 5.9721627206e-03 6.3345450897e-03
3.2327412857e-03 3.5222220407e-03 3.7131414986e-03 3.2274824319e-03 3.1468826243e-03 3.2212075494e-03 3.9411461682e-03 3.2811145641e-03 3.8187615719e-03 3.8543013924e-03 3.7294688885e-03 3.2481846597e-03 3.2608707725e-03 3.5175765501e-03 3.6766084925e-03 4.0869477470e-03 2.9989005767e-03 4.6161872472e-03 3.1454467322e-03 3.5418850582e-03
2.4520431461e-03 1.9151642772e-03 2.2127845606e-03 1.9988405790e-03 2.1580194772e-03 1.9248111280e-03 2.1094275976e-03 2.1645309303e-03 2.2018259057e-03 3.0593899904e-03 1.9158350041e-03 2.0186320662e-03 1.8769262408e-03 2.3528505571e-03 1.8139913306e-03 1.9368910233e-03 2.4065673964e-03 2.1037222776e-03 2.0250687138e-03 2.7828749442e-03
6.0482188009e-04 8.6521108900e-04 8.5712098249e-04 1.0647975297e-03 1.0972363298e-03 9.3606659855e-04 8.4115093945e-04 1.0028410614e-03 8.0868388459e-04 8.7618635827e-04 8.3066841555e-04 8.4008220625e-04 7.0627304611e-04 8.1978458777e-04 9.0945757983e-04 7.0002895979e-04 7.8056763933e-04 8.0961769929e-04 9.1996746624e-04 7.2972237294e-04
6.3557690735e-04 5.7555762067e-04 6.4450226907e-04 4.9096273677e-04 7.6359441891e-04 4.3046012849e-04 4.4251328740e-04 1.2084918380e-03 5.4494721540e-04 6.0504671997e-04 1.0939335590e-03 7.2519114827e-04 7.8905592282e-04 6.0399919274e-04 7.0615399208e-04 4.6711857125e-04 7.4704820570e-04 5.6717022414e-04 6.5797674802e-04 1.4369977040e-03
4.5141365609e-04 5.7607904919e-04 8.2128906291e-04 6.1472458588e-04 4.7287854884e-04 4.1707442222e-04 4.6065553463e-04 4.1010074667e-04 5.0661788005e-04 2.7498200890e-04 4.9789556906e-04 5.8044840028e-04 4.9423739429e-04 4.9234247675e-04 6.0407623712e-04 6.6540366416e-04 4.3073634383e-04 4.3794840857e-04 3.0488037343e-04 3.5832590780e-04
2.3823127509e-04 1.9192024333e-04 1.6710260378e-04 1.7007874751e-04 1.5049133023e-04 1.3529455159e-04 3.1769812269e-04 3.3610234009e-04 1.4921737836e-04 1.7324826245e-04 1.5224230957e-04 2.1196744051e-04 1.6114402749e-04 1.2600609241e-04 1.7905829773e-04 1.3877160429e-04 2.0954723926e-04 1.4268519953e-04 1.2552424881e-04 1.1851297135e-04
