2.6087978309e-02 2.6959339176e-02 2.6762415039e-02 2.7906298423e-02 2.6476896844e-02 2.6114079851e-02 2.6025709445e-02 2.8049817746e-02 2.7310292935e-02 2.6483568907e-02 2.8639416901e-02 2.8154772019e-02 2.6912638973e-02 2.5779232285e-02 2.5650085384e-02 3.0461960629e-02 2.7808262825e-02 2.5363789271e-02 2.7729235223e-02 2.6459128052e-02
6.9732024805e-03 6.7149492782e-03 6.8941489698e-03 5.9890547945e-03 6.6017284132e-03 8.4074189662e-03 6.0263993581e-03 6.6503498650e-03 8.6002059701e-03 6.8923924047e-03 8.4931827208e-03 7.3085441221e-03 8.0781443271e-03 7.7936615369e-03 7.1108251675e-03 6.2787845353e-03 7.6510690512e-03 7.1971414512e-03 6.4518245415e-03 6.5376739870e-03
1.6565632486e-03 1.5362903077e-03 1.5244852478e-03 1.6138200239e-03 2.2996180905e-03 1.8532791944e-03 1.7261857411e-03 1.6124814205e-03 1.7921341151e-03 1.5070105533e-03 1.5368149775e-03 1.4664619716e-03 1.8479005093e-03 1.6826569402e-03 1.6901703536e-03 1.5331852281e-03 1.5124272345e-03 1.6465087911e-03 1.7653847217e-03 1.5783910087e-03
4.5741876090e-04 4.6384064607e-04 5.5418447531e-04 4.1682444352e-04 6.9763170803e-04 4.0979759706e-04 4.7147346237e-04 3.2338806934e-04 4.6744779216e-04 3.0878936345e-04 4.1834711291e-04 4.1335077836e-04 3.1044062451e-04 2.7504711940e-04 5.7255822814e-04 5.2603833052e-04 2.9171491215e-04 4.1201048765e-04 3.4603850349e-04 3.3360100708e-04
1.0516862816e-04 6.3487210892e-05 9.7893969888e-05 5.9232421483e-05 1.7196435478e-04 9.4629732319e-05 8.0939393015e-05 1.3684987298e-04 8.5564910850e-05 9.6198773792e-05 8.4395368715e-05 5.7275462467e-05 8.4919489123e-05 8.4106760324e-05 5.8945183233e-05 6.3459342389e-05 8.7460305353e-05 8.6319899573e-05 5.5285789537e-05 1.0261275407e-04
1.4986193427e-05 1.6000788979e-05 1.7473440260e-05 1.7929629629e-05 1.9075788671e-05 2.3408091616e-05 1.7765321850e-05 1.9719069931e-05 1.3137926314e-05 1.6700867891e-05 2.9581030232e-05 2.6344877726e-05 2.2175207788e-05 1.7977530995e-05 2.5050059238e-05 1.7875613360e-05 3.6274187746e-05 1.3866651223e-05 1.8673008397e-05 1.2895273572e-05
7.4795149049e-06 3.1120442525e-06 3.0890421290e-06 4.6101020911e-06 5.4511786054e-06 4.2352847411e-06 4.6342360452e-06 5.0644421320e-06 6.6647252698e-06 7.0161676334e-06 6.5201053199e-06 7.7079371423e-06 3.0182747253e-06 6.6382122680e-06 9.7124548390e-06 7.2692404193e-06 6.2201808862e-06 1.3687398094e-05 6.8001279922e-06 6.3659289719e-06
1.7173185322e-06 1.6964681562e-06 1.7683647951e-06 4.4586348096e-06 3.2513886839e-06 9.5559798553e-07 5.3947739219e-06 1.7469909941e-06 1.9629752639e-06 1.7721097303e-06 3.5876246348e-06 1.2797323100e-06 2.4445846157e-06 3.6394469613e-06 2.6196970046e-06 2.7956380379e-06 3.0138211506e-06 2.3345224031e-06 2.0673566954e-06 1.8996336657e-06
2.4182040856e-01 1.8703190551e-01 1.8911008415e-01 3.2802058706e-01 2.7058986017e-01 1.7498309241e-01 2.4606431869e-01 2.1812482149e-01 1.7726010930e-01 1.8246255654e-01 1.8356559229e-01 1.8103233102e-01 2.6224897286e-01 2.6420662091e-01 1.7278634262e-01 2.6657271881e-01 1.1867416653e-01 2.2569628874e-01 1.9432640649e-01 2.2253508135e-01
6.8768397917e+00 5.4555506954e+01 3.8801611540e+03 1.7565999335e+02 2.6251544893e+01 2.3954495550e+01 4.1569972484e+01 1.2609288155e+02 4.4887942536e+01 7.4761265396e+02 7.5433933779e+01 1.8273510182e+01 1.3277812537e+03 5.1726904346e+02 2.8453640318e+02 2.4342366120e+01 1.5763532292e+01 7.9610658988e+01 1.0756381807e+01 1.5270048073e+01
2.8506779712e+01 2.6977576881e+01 3.2301399956e+01 7.0866790380e+01 2.2028590631e+01 6.9379361942e+00 3.0391746103e+01 6.7005567462e+00 8.1668952855e+00 8.6710310256e+01 1.4877062480e+01 5.5264565653e+01 2.3061950305e+01 2.2875577318e+01 1.9813078398e+01 3.1329371803e+02 4.4856942703e+01 4.0563739525e+01 6.1558603148e+00 5.9709349004e+00
1.4190637273e+01 8.7211931169e+01 3.7626613609e+01 6.1822771780e+01 2.9276483913e+01 1.0032783094e+01 1.7173740445e+01 1.2613329331e+01 6.5089366190e+00 4.6178773895e+01 6.4035344965e+00 3.4771596379e+01 1.5669369081e+01 1.6335117552e+01 8.1693402883e+00 9.8632566383e+00 3.4912529638e+01 6.0469529622e+01 1.3671988873e+02 1.5029820696e+01
