3.2212717926e-01 3.2800109455e-01 3.2782455652e-01 3.3027039657e-01 3.2964123439e-01 3.2779611105e-01 3.2708528183e-01 3.3048388921e-01 3.2912073495e-01 3.2817609166e-01 3.3405162602e-01 3.2806682950e-01 3.3553930746e-01 3.2528153781e-01 3.2001893663e-01 3.3378098567e-01 3.2656013503e-01 3.3024736445e-01 3.2906373323e-01 3.3115632445e-01
1.6120925230e-01 1.5109242353e-01 1.6950213900e-01 1.4586665250e-01 1.5447751892e-01 1.6532996202e-01 1.4796757142e-01 1.3817853301e-01 1.4552182366e-01 1.4028886475e-01 1.4851165638e-01 1.4109113847e-01 1.3762756065e-01 1.4402887756e-01 1.4616744008e-01 1.4904961971e-01 1.3869475522e-01 1.4794763845e-01 1.5440602574e-01 1.3655405610e-01
5.9947775827e-02 5.4352420366e-02 6.4682018237e-02 4.5962131073e-02 4.9727093290e-02 6.5536985325e-02 6.8630761328e-02 5.5865471463e-02 5.2715707442e-02 4.6640302355e-02 6.6281273143e-02 4.6956073224e-02 4.6594338305e-02 5.6246693938e-02 4.5222610417e-02 5.0223048611e-02 4.3385519691e-02 7.3015495205e-02 5.2679376160e-02 4.6270450911e-02
3.5515043560e-02 4.1600571976e-02 4.1042659415e-02 4.3512376390e-02 4.1668922312e-02 4.4998006043e-02 4.4333455780e-02 3.8537200829e-02 3.8866503084e-02 4.0911075901e-02 3.7392707937e-02 3.7117220912e-02 4.3523772723e-02 3.8041807298e-02 4.0410968321e-02 4.3940517965e-02 3.6694152110e-02 3.6650236888e-02 3.8909120465e-02 4.2688861307e-02
1.3249344228e-02 1.1555778765e-02 1.6269917762e-02 1.1360190482e-02 1.2033960892e-02 1.2259671411e-02 1.3651865630e-02 1.5739229526e-02 1.5920910333e-02 1.3877607126e-02 1.1054377545e-02 1.1301643428e-02 1.2109426938e-02 1.0268566510e-02 1.5850416489e-02 1.2153487392e-02 1.2481298969e-02 1.3203695409e-02 1.2609331241e-02 1.2841858299e-02
4.7869510096e-03 6.1764823527e-03 6.0530306103e-03 4.9868083589e-03 6.0757448182e-03 6.3010769427e-03 7.9164741758e-03 8.6574240839e-03 8.3628966490e-03 5.8877825697e-03 6.6395186474e-03 5.9615528260e-03 6.0830102808e-03 6.1822418366e-03 5.9741976404e-03 6.3140577350e-03 7.6283908081e-03 5.9344296412e-03 7.4868493195e-03 7.0459262417e-03
4.3106810865e-03 6.4449039982e-03 3.3936953458e-03 5.9374647757e-03 5.0086366360e-03 4.7138293541e-03 3.0577010766e-03 4.3558517703e-03 4.4326057153e-03 3.7437334723e-03 3.1229445324e-03 2.5551564845e-03 2.9325399872e-03 3.1774055207e-03 3.4372324671e-03 3.8961830307e-03 5.9808248076e-03 4.3980315560e-03 4.4695535846e-03 2.9522606097e-03
1.9662675690e-03 2.1582975944e-03 2.2411918957e-03 1.8504700349e-03 1.8209319777e-03 2.1965658872e-03 2.6461833204e-03 2.2405191338e-03 2.0734021853e-03 2.2120065536e-03 1.9987367675e-03 2.0214056839e-03 2.5790037266e-03 1.8184949863e-03 2.7158608520e-03 1.8117648067e-03 2.0098681447e-03 3.5101539835e-03 2.4169742890e-03 1.8786443756e-03
1.0842516482e-03 9.2518858562e-04 6.5150474051e-04 7.0597647327e-04 1.0471628635e-03 7.9324730200e-04 5.4116677301e-04 5.3034344936e-04 1.0795989592e-03 8.9288882935e-04 9.2108303625e-04 5.7524195926e-04 9.3401750220e-04 6.2291999367e-04 6.0029736128e-04 1.0176569990e-03 7.4510922483e-04 8.2220906106e-04 7.5471602462e-04 8.7644576573e-04
7.3180641293e-04 6.0752900159e-04 8.9129397299e-04 5.9435021611e-04 5.5899388924e-04 5.1269360543e-04 5.7400305469e-04 7.4213962896e-04 6.3221573806e-04 7.4320255980e-04 6.2000714489e-04 4.7750405878e-04 4.8785413303e-04 6.5642525248e-04 4.8250014974e-04 5.5748998788e-04 5.4722507038e-04 4.8869711308e-04 6.2691008963e-04 5.8347639791e-04
4.6716970594e-04 2.9570240052e-04 6.4297513014e-04 3.6588197335e-04 6.8155544599e-04 3.0073244639e-04 2.3704560254e-04 6.1381995978e-04 2.8573160783e-04 3.9606058011e-04 4.7755152663e-04 4.6552061986e-04 3.1066690932e-04 3.8464009618e-04 3.4954905612e-04 4.1760738347e-04 3.9884753734e-04 3.6493005648e-04 6.5041508430e-04 2.8659435874e-04
2.0617165588e-04 1.2440118117e-04 1.3373091908e-04 1.2040871993e-04 3.2417419634e-04 1.4299921900e-04 1.0370671770e-04 1.8636687861e-04 1.9482257274e-04 8.9294899194e-05 1.0350946052e-04 8.7114369545e-05 1.8485821562e-04 1.0910381352e-04 1.3381948154e-04 9.9965591058e-05 1.6969858256e-04 9.8692071066e-05 1.8853467329e-04 1.2405497609e-04
