4.6930914679e-01 4.6438818365e-01 4.7458657352e-01 4.5980267835e-01 4.4606538349e-01 4.5644441040e-01 4.4934106604e-01 4.9158526518e-01 4.5422427629e-01 4.3022389524e-01 4.1435217576e-01 4.8338621235e-01 4.3945347630e-01 4.2547721318e-01 4.2560550304e-01 4.8786973650e-01 4.5124491114e-01 3.7773783366e-01 4.1511595657e-01 4.1377346356e-01
8.4884551504e-02 9.7230417657e-02 9.9801135835e-02 7.8217704199e-02 9.1169126604e-02 7.4861987487e-02 7.6405011920e-02 9.6930104607e-02 1.0759202710e-01 8.0607157276e-02 8.4350749756e-02 7.6261218131e-02 8.9076683376e-02 8.5106077161e-02 8.3323109510e-02 9.5991636658e-02 9.6009855132e-02 7.2269336109e-02 1.0232081658e-01 8.8624905326e-02
1.6570115406e-02 2.6243675885e-02 2.7809824493e-02 2.3741126991e-02 2.1226186210e-02 2.1140333586e-02 3.8083463645e-02 2.8002288331e-02 2.4848841856e-02 2.4317337438e-02 1.4793278139e-02 3.4621831874e-02 4.2577836886e-02 1.9720164985e-02 3.5330433667e-02 2.6510032976e-02 1.9819419643e-02 3.0492580569e-02 1.8978012388e-02 2.6469815171e-02
1.8248682542e-02 1.8253290762e-02 1.4986280747e-02 1.8211677179e-02 1.6198047837e-02 1.7624086406e-02 2.1285580569e-02 2.1343536173e-02 1.4107928642e-02 1.8240055645e-02 1.4605635580e-02 2.0693295590e-02 1.7735852887e-02 1.6508615628e-02 2.0367661004e-02 1.7939037671e-02 1.4931232767e-02 1.6683364711e-02 1.8028801232e-02 1.7225570311e-02
6.3438968701e-03 5.8526530091e-03 6.3542882054e-03 5.6596143813e-03 4.9789959883e-03 5.0819805733e-03 5.1476939894e-03 5.1048497788e-03 6.6487228495e-03 5.6742459377e-03 6.2749516825e-03 5.2159691731e-03 5.8983870852e-03 8.1345980492e-03 4.3076768492e-03 7.9131481005e-03 5.7567789320e-03 6.8752308341e-03 4.8061214335e-03 4.0743357426e-03
3.8585622322e-03 3.2711995120e-03 3.9280630534e-03 3.3873669373e-03 2.7289479070e-03 6.2394238454e-03 4.1552417835e-03 3.1264424608e-03 4.4506718866e-03 2.2706009582e-03 3.8687219417e-03 4.2899873888e-03 3.1781167157e-03 3.8913653899e-03 3.9733249096e-03 5.8529734212e-03 3.9129887081e-03 3.4411753772e-03 3.0023468032e-03 6.1105497494e-03
2.0506163737e-03 3.3190132544e-03 1.5705929393e-03 1.0863168001e-03 3.7930857249e-03 2.9194876616e-03 1.6696129290e-03 1.8144820226e-03 2.6901810030e-03 1.7090913469e-03 1.3548422168e-03 2.2902111322e-03 1.8384918539e-03 3.6474045647e-03 2.1364792273e-03 1.6415832683e-03 1.4202281669e-03 3.4029623691e-03 1.1167770418e-03 1.8315846349e-03
1.9889134616e-03 1.4232392483e-03 4.4754474483e-03 2.2142303765e-03 1.7700702395e-03 1.4466535485e-03 1.6084539379e-03 1.4105977238e-03 1.3626718451e-03 1.8431999967e-03 1.6607073515e-03 1.5808285672e-03 2.0059133571e-03 1.4629232491e-03 2.1577008409e-03 1.4870558714e-03 1.6291584182e-03 1.4808228777e-03 1.2022130446e-03 1.3416953532e-03
1.0833741514e-03 7.3235100650e-04 8.2447799611e-04 9.0369626817e-04 9.0234510628e-04 1.1125401806e-03 9.7170259935e-04 1.2202118883e-03 7.4464240137e-04 1.4629015683e-03 1.4709425719e-03 1.4829411612e-03 6.3743662045e-04 4.9249886151e-04 6.1844463139e-04 2.4483540524e-03 6.8602347339e-04 8.7966537653e-04 1.3659469621e-03 1.0974737543e-03
7.3348209121e-04 4.6479695454e-04 5.7820260185e-04 6.4234115886e-04 5.3230824535e-04 4.1622277382e-04 6.8636971920e-04 4.9253212117e-04 2.2911199290e-03 6.1827866442e-04 1.8871158797e-03 1.0700319164e-03 1.1430129391e-03 5.5198085007e-04 5.2172206886e-04 5.8220385798e-04 6.7200491137e-04 7.2552480475e-04 4.7129254275e-04 6.5059129557e-04
6.8621368464e-04 9.4625945311e-04 7.2890889631e-04 8.2758897879e-04 1.1000548125e-03 4.5558307440e-04 6.6459849678e-04 7.5125425939e-04 5.8344166033e-04 4.4079727677e-04 6.8927963173e-04 5.9631812690e-04 3.7179991598e-04 6.8663028657e-04 1.5052128569e-03 4.7522626717e-04 2.3847609050e-03 5.0928306950e-04 1.2079635900e-03 3.8419126532e-04
7.5976931600e-04 2.6545974880e-04 5.7489885288e-04 4.4941914479e-04 1.4863057255e-03 7.6618860112e-04 5.5682594365e-04 5.1669270369e-04 7.6644835086e-04 5.9239123345e-04 8.8777237470e-04 1.9394426692e-03 7.1049513190e-04 4.3299562518e-04 1.9234081372e-03 6.6104753433e-04 6.5307345469e-04 7.1823650994e-04 5.6609742900e-04 5.0769485774e-04
