7.8821194671e-03 7.6517975296e-03 7.4920189252e-03 8.9137604582e-03 7.9148377047e-03 7.7567163095e-03 7.7397962206e-03 7.2970147734e-03 7.9561904808e-03 8.2650542900e-03 7.8229845970e-03 8.0586860493e-03 7.6961284391e-03 7.9455323357e-03 7.5770003781e-03 7.1293771515e-03 7.5586874056e-03 8.4262596857e-03 8.2167682014e-03 8.1590253469e-03
2.2424029306e-03 2.0080555488e-03 2.1899575695e-03 1.8696762906e-03 2.1011666424e-03 2.3650719778e-03 2.3264520149e-03 1.9051876219e-03 2.3718502522e-03 2.3245880331e-03 2.3319941302e-03 2.6760435602e-03 2.0653008717e-03 2.2827148264e-03 2.0931511855e-03 2.5862562364e-03 1.9149397352e-03 2.0767693294e-03 2.2739829823e-03 2.1496355719e-03
3.4546398698e-04 5.9557270546e-04 6.2950911131e-04 5.2691671628e-04 3.8897806805e-04 4.3257030657e-04 4.9997304081e-04 4.8495259456e-04 5.7789112220e-04 4.3749122878e-04 4.6347416304e-04 6.4343346649e-04 6.3614118054e-04 3.9574670021e-04 5.1982914574e-04 6.7554523672e-04 5.5224575481e-04 4.5539982746e-04 5.0642171662e-04 5.7398538405e-04
8.2344191767e-05 9.7270954247e-05 8.1141458255e-05 1.0557798894e-04 9.6888642766e-05 1.1856590202e-04 1.0217434123e-04 1.4001388956e-04 1.2553860930e-04 1.2711773310e-04 1.0595439784e-04 1.0484940715e-04 1.1898493416e-04 1.0706892217e-04 8.7618950476e-05 1.1813252527e-04 8.4093302059e-05 1.6716454259e-04 1.5067408452e-04 1.2434321151e-04
2.0492211467e-05 1.2533768917e-05 1.8502367513e-05 1.7113872873e-05 3.5045153428e-05 1.8774311317e-05 4.5161652666e-05 3.6196413355e-05 1.4977242221e-05 1.4704170584e-05 3.1653384055e-05 1.7653809013e-05 2.0033403814e-05 3.3036104517e-05 2.5195461800e-05 2.4759053711e-05 1.5328620624e-05 1.7746183181e-05 3.0774823684e-05 2.4520202518e-05
3.2150777790e-06 1.1494802465e-05 3.0408712424e-06 2.8670909347e-06 5.5921002709e-06 6.9819364240e-06 4.0606303017e-06 3.1802000815e-06 3.8138293731e-06 6.2526238818e-06 2.2384024698e-06 3.3890096239e-06 7.7154262934e-06 8.6550702339e-06 4.3830123542e-06 4.0069416499e-06 3.7809412026e-06 5.1932833352e-06 2.8962868342e-06 2.3259623841e-06
4.0640475888e-07 5.5862249110e-07 8.3308346462e-07 1.6187500475e-06 5.3602340903e-07 5.5888337954e-07 1.5293224455e-06 5.6100683811e-07 8.3374835204e-07 5.4844353246e-07 2.7213057451e-06 7.3739841441e-07 1.0578137691e-06 6.8232927622e-07 5.5704368426e-07 7.0574380854e-07 1.1835891161e-06 4.9549381074e-07 6.5792232984e-07 5.8335586227e-07
1.6981286040e-07 7.2842173057e-08 1.7832285991e-07 1.9975659610e-07 1.2313434017e-07 9.1015158532e-08 9.5611604061e-08 8.6472593006e-08 2.6368300368e-07 2.6452693593e-07 2.2331616985e-07 1.8917210651e-07 1.0351660158e-07 8.4606051776e-08 1.3686526082e-07 8.8517655006e-08 1.6630831605e-07 1.7740066944e-07 2.5879423711e-07 3.4421927113e-07
1.1177600861e-08 1.1084514448e-08 1.7832613041e-08 1.7669080717e-08 2.2672418515e-08 9.9579037069e-09 4.8877292438e-08 2.2781902840e-08 2.1220923815e-08 1.1508203234e-08 1.0458609556e-08 2.6931048090e-08 3.9075303971e-08 1.6302017949e-08 2.0948216319e-08 2.1110514152e-08 2.2792600675e-08 1.6459359948e-08 1.9612627024e-08 1.8745994653e-08
3.5985035249e-09 9.6028705774e-09 2.0306872807e-08 1.3058486452e-09 6.7238925875e-09 5.3180351415e-09 3.5800927880e-09 2.6607809411e-09 4.0776960856e-09 9.5202976398e-09 4.9453776588e-09 3.9151929667e-09 1.9101483418e-09 4.1922289077e-09 1.9374472350e-09 2.5620547759e-09 2.3769134447e-09 4.4748346921e-09 2.5126475688e-09 1.9732817570e-09
4.5555535984e-10 7.6509356331e-10 4.9436993938e-10 6.5678777542e-10 4.9472372105e-10 4.7859741445e-10 6.6269917618e-10 1.2042676528e-09 6.4381516406e-10 1.2408457377e-09 2.6530288081e-10 1.2063072562e-09 6.6815268141e-10 3.7013192209e-10 3.2062427269e-10 1.0076486987e-09 4.7684418005e-10 3.0350075225e-10 2.3875343633e-10 1.2420096403e-09
1.4821156996e-10 1.7316316517e-10 1.2818124832e-10 1.9348266452e-10 5.6879915873e-11 1.7126297408e-10 2.2058316732e-10 1.4469408417e-10 1.1009853345e-10 1.3230733100e-10 1.0197946330e-10 1.1886974247e-10 7.8808927477e-11 8.7557527486e-11 4.8313217425e-10 8.8722158317e-11 1.1140920168e-10 1.7937809716e-10 6.4811701768e-11 5.8841823847e-11
