2.4617015189e-01 2.4605669238e-01 2.4478047668e-01 2.4056449874e-01 2.5709481295e-01 2.3272576169e-01 2.4447098490e-01 2.3762335911e-01 2.7126805269e-01 2.5145004250e-01 2.4044240947e-01 2.4198887320e-01 2.6219904185e-01 2.7297968798e-01 2.6289194042e-01 2.7006574833e-01 2.4375370163e-01 2.5973402287e-01 2.5011063683e-01 2.5456320305e-01
8.0474602044e-02 8.4166192359e-02 7.6262273650e-02 7.1381333106e-02 7.5409095098e-02 8.2984609931e-02 8.2721387130e-02 8.4085243707e-02 8.2599806447e-02 1.0434649567e-01 7.5209652017e-02 8.4002292222e-02 8.5293472449e-02 8.9120428047e-02 8.8755063895e-02 7.1077917121e-02 7.8878761983e-02 8.0126797718e-02 8.3778523551e-02 6.8286649334e-02
2.6963647268e-02 2.1097973505e-02 2.2450643148e-02 2.2378294109e-02 2.0697587332e-02 2.6583339712e-02 2.3522397650e-02 2.4145806496e-02 1.9959891266e-02 2.4241416558e-02 2.0905342629e-02 2.0051406237e-02 2.2393231757e-02 2.3234742958e-02 2.2223775615e-02 2.3497696652e-02 2.2412061483e-02 2.2234740552e-02 1.8602928505e-02 2.0260064807e-02
5.7631302945e-03 6.6429364442e-03 5.5324151335e-03 6.6083434353e-03 5.8117927182e-03 4.4620697962e-03 7.3433527653e-03 5.4226430191e-03 4.5972827249e-03 5.3261712075e-03 5.4529870325e-03 8.9558904253e-03 6.5731261721e-03 6.7925843836e-03 8.8999246950e-03 6.7221301368e-03 7.5863200450e-03 8.9329918274e-03 1.0201570624e-02 5.4102271072e-03
1.2684798506e-03 1.1509896597e-03 9.2522104543e-04 1.2664351157e-03 9.8547778202e-04 1.5643865491e-03 1.2586290040e-03 1.0297368609e-03 1.3609972537e-03 1.5200610812e-03 1.4972681006e-03 1.5756025537e-03 1.0175011168e-03 1.6165844654e-03 9.6481623415e-04 1.3645066164e-03 1.1351231365e-03 1.0593346680e-03 1.4685982381e-03 1.0975742080e-03
4.1026210334e-04 6.9372294231e-04 3.7029422786e-04 3.6299180360e-04 4.4600419181e-04 6.9328636732e-04 6.4878284219e-04 2.7189179187e-04 2.3709245149e-04 5.7117906959e-04 3.0676717461e-04 2.5766309448e-04 4.2034366850e-04 3.6174267442e-04 3.2073606293e-04 6.4209779504e-04 4.2765862906e-04 6.7641417677e-04 4.4188163108e-04 4.9009378055e-04
8.2150831274e-05 7.7091246776e-05 1.5861191700e-04 1.1262418065e-04 5.4969662680e-05 6.4859855529e-05 3.5566429077e-04 9.9061996983e-05 4.9911765541e-05 4.6140002698e-05 3.2044082277e-05 4.8215360963e-05 4.8129344256e-05 7.1323760189e-05 5.5067353468e-05 1.4743704513e-04 1.1135505439e-04 1.1310353117e-04 3.3145148217e-05 2.7697527798e-05
1.8468126939e-05 1.1308539092e-05 5.6098759809e-06 2.6228191425e-05 1.5515138006e-05 8.3734285317e-05 1.9879713258e-05 9.1296700903e-06 7.3215510880e-06 1.2225795247e-05 6.7743252522e-06 9.0647076891e-06 8.0566847499e-06 1.9346264547e-05 1.5370184585e-05 1.0635844905e-05 1.3747005323e-05 2.4661647947e-05 9.2097684562e-06 2.3902565018e-05
4.4581507167e-06 3.1954507495e-05 6.7559044572e-06 3.3983218016e-06 1.7546952873e-05 3.7839351118e-06 1.9248900234e-06 4.1656800695e-06 4.3460461849e-06 4.2644353672e-06 1.6349670171e-06 8.9993640980e-06 2.4701872127e-06 3.8011776800e-06 9.2970369991e-06 1.6952209144e-06 9.5858686131e-06 6.4808995184e-06 1.4327544376e-05 1.2025206088e-06
1.9756359230e-06 8.5252278133e-07 1.1281139978e-06 6.4580116575e-07 3.0198512354e-06 5.0459035664e-07 8.0143736986e-07 1.1360225281e-06 1.6610464113e-06 2.7577813963e-07 1.2349405671e-06 1.7578786013e-06 1.4520612704e-06 2.0473414803e-07 2.2511938880e-06 1.8957455003e-06 6.4464347764e-07 1.0050654868e-06 2.3787109176e-06 3.7065594282e-07
4.2450943133e-07 2.3664063288e-07 2.5418617266e-07 4.0882472012e-07 1.4688486345e-06 2.9819454694e-06 2.3016674106e-07 2.8460962229e-07 5.9422736127e-07 9.2616750804e-07 5.3351201899e-07 1.7288385576e-07 2.1118687760e-07 2.1005260581e-07 1.9659453756e-07 3.2631178289e-07 7.9303859462e-07 4.4706673183e-07 2.9200715995e-07 3.2822879025e-07
3.7423201266e-07 1.1799744643e-07 2.3240469770e-07 6.5404039169e-07 1.9769027657e-07 1.6909537476e-06 5.8379558320e-07 5.9911270533e-07 6.7300918362e-07 1.2086269457e-06 5.0493576759e-07 2.1129755876e-07 5.8976882090e-07 3.3011450067e-07 7.4201610681e-07 1.6846631742e-07 2.3104970469e-07 6.4200164158e-07 9.1878797707e-07 1.2514671305e-07
